신제품검색 키워드그룹 : 최근낙찰가,,,
조회일자:20260130,,,
,,,
! 각 키워드 그룹의 조회 시점 기준으로 가장 최근에 결과가 발표된 정기입찰 건의 낙찰가 입니다.,,,
,,,
대분류,소분류,키워드그룹,최근낙찰가
가구/인테리어,거실가구,1인용리클라이너,360000
가구/인테리어,거실가구,1인용쇼파,940000
가구/인테리어,거실가구,3인용쇼파,650000
가구/인테리어,거실가구,4인용쇼파,370000
가구/인테리어,거실가구,TV다이,360000
가구/인테리어,거실가구,가죽쇼파,670000
가구/인테리어,거실가구,거실장,420000
가구/인테리어,거실가구,거실테이블,550000
가구/인테리어,거실가구,리클라이너,610000
가구/인테리어,거실가구,리클라이너쇼파,570000
가구/인테리어,거실가구,모듈쇼파,160000
가구/인테리어,거실가구,모션쇼파,140000
가구/인테리어,거실가구,사이드테이블,380000
가구/인테리어,거실가구,쇼파,2160000
가구/인테리어,거실가구,스툴,300000
가구/인테리어,거실가구,원목의자,150000
가구/인테리어,거실가구,원목테이블,150000
가구/인테리어,거실가구,테이블,320000
가구/인테리어,거실가구,패브릭쇼파,330000
가구/인테리어,서재가구,3단서랍장,190000
가구/인테리어,서재가구,게이밍의자,600000
가구/인테리어,서재가구,모션데스크,680000
가구/인테리어,서재가구,발받침대,300000
가구/인테리어,서재가구,사무용의자,300000
가구/인테리어,서재가구,스탠딩책상,100000
가구/인테리어,서재가구,아크릴가림막,100000
가구/인테리어,서재가구,원목책상,100000
가구/인테리어,서재가구,의자,810000
가구/인테리어,서재가구,자세교정의자,100000
가구/인테리어,서재가구,좌식의자,290000
가구/인테리어,서재가구,책상,1050000
가구/인테리어,서재가구,책상서랍장,100000
가구/인테리어,서재가구,책상세트,100000
가구/인테리어,서재가구,책상의자,350000
가구/인테리어,서재가구,책장,800000
가구/인테리어,서재가구,컴퓨터의자,590000
가구/인테리어,서재가구,컴퓨터책상,690000
가구/인테리어,서재가구,학생의자,120000
가구/인테리어,서재가구,학생책상,100000
가구/인테리어,서재가구,회전책장,460000
가구/인테리어,수납가구,로봇청소기수납장,180000
가구/인테리어,수납가구,선반,550000
가구/인테리어,수납가구,세탁기선반,100000
가구/인테리어,수납가구,수납장,730000
가구/인테리어,수납가구,스탠드옷걸이,440000
가구/인테리어,수납가구,시스템행거,740000
가구/인테리어,수납가구,옷걸이봉,190000
가구/인테리어,수납가구,옷걸이행거,320000
가구/인테리어,수납가구,이동식행거,260000
가구/인테리어,수납가구,철제선반,360000
가구/인테리어,수납가구,행거,1370000
가구/인테리어,아동가구,아기쇼파,170000
가구/인테리어,아동가구,아기식탁의자,140000
가구/인테리어,아동가구,아기옷장,180000
가구/인테리어,아동가구,아기의자,250000
가구/인테리어,아동가구,아기침대,830000
가구/인테리어,아동가구,어린이책상,210000
가구/인테리어,아동가구,어린이침대,150000
가구/인테리어,아동가구,유아책장,100000
가구/인테리어,아동가구,유아침대,100000
가구/인테리어,아동가구,초등학생책상,340000
가구/인테리어,아동가구,하이체어,300000
가구/인테리어,인테리어소품,LED벽시계,140000
가구/인테리어,인테리어소품,LED시계,140000
가구/인테리어,인테리어소품,가림막커튼,240000
가구/인테리어,인테리어소품,거실러그,230000
가구/인테리어,인테리어소품,거실매트,380000
가구/인테리어,인테리어소품,거실커튼,460000
가구/인테리어,인테리어소품,규조토발매트,270000
가구/인테리어,인테리어소품,등받이쿠션,390000
가구/인테리어,인테리어소품,러그,690000
가구/인테리어,인테리어소품,롤매트,200000
가구/인테리어,인테리어소품,롤스크린,100000
가구/인테리어,인테리어소품,무소음벽시계,130000
가구/인테리어,인테리어소품,발매트,410000
가구/인테리어,인테리어소품,방석,340000
가구/인테리어,인테리어소품,방풍커튼,400000
가구/인테리어,인테리어소품,방한커튼,360000
가구/인테리어,인테리어소품,벽시계,750000
가구/인테리어,인테리어소품,블라인드,3160000
가구/인테리어,인테리어소품,쇼파쿠션,200000
가구/인테리어,인테리어소품,쇼파패드,260000
가구/인테리어,인테리어소품,쉬폰커튼,320000
가구/인테리어,인테리어소품,식물등,200000
가구/인테리어,인테리어소품,쓰레기통,310000
가구/인테리어,인테리어소품,암막블라인드,280000
가구/인테리어,인테리어소품,암막커튼,1090000
가구/인테리어,인테리어소품,액자,390000
가구/인테리어,인테리어소품,오로라무드등,100000
가구/인테리어,인테리어소품,우드블라인드,190000
가구/인테리어,인테리어소품,인센스스틱,240000
가구/인테리어,인테리어소품,인테리어그림,300000
가구/인테리어,인테리어소품,주방매트,400000
가구/인테리어,인테리어소품,차르르커튼,100000
가구/인테리어,인테리어소품,층간소음매트,670000
가구/인테리어,인테리어소품,캔들워머,170000
가구/인테리어,인테리어소품,커튼,1231000
가구/인테리어,인테리어소품,커튼봉,190000
가구/인테리어,인테리어소품,콤비블라인드,100000
가구/인테리어,인테리어소품,탁상시계,240000
가구/인테리어,인테리어소품,파티션,660000
가구/인테리어,인테리어소품,허니콤블라인드,110000
가구/인테리어,인테리어소품,휴지통,200000
가구/인테리어,인테리어자재,ABS도어,100000
가구/인테리어,인테리어자재,인조잔디,170000
가구/인테리어,인테리어자재,중문,710000
가구/인테리어,조명,LED등,340000
가구/인테리어,조명,LED방등,130000
가구/인테리어,조명,LED전구,220000
가구/인테리어,조명,무드등,400000
가구/인테리어,조명,무선센서등,100000
가구/인테리어,조명,무선스탠드,100000
가구/인테리어,조명,센서등,310000
가구/인테리어,조명,수유등,100000
가구/인테리어,조명,스탠드,530000
가구/인테리어,조명,장스탠드,140000
가구/인테리어,조명,전구,190000
가구/인테리어,조명,책상스탠드,120000
가구/인테리어,주방가구,2인용식탁,260000
가구/인테리어,주방가구,4인식탁세트,130000
가구/인테리어,주방가구,4인용식탁,470000
가구/인테리어,주방가구,6인식탁세트,130000
가구/인테리어,주방가구,6인용식탁,430000
가구/인테리어,주방가구,렌지대,440000
가구/인테리어,주방가구,세라믹식탁,480000
가구/인테리어,주방가구,식탁,990000
가구/인테리어,주방가구,식탁세트,100000
가구/인테리어,주방가구,식탁의자,910000
가구/인테리어,주방가구,싱크볼,300000
가구/인테리어,주방가구,우드슬랩식탁,100000
가구/인테리어,주방가구,원목식탁,220000
가구/인테리어,주방가구,주방수납장,440000
가구/인테리어,주방가구,카페테이블,100000
가구/인테리어,침구,가을이불,100000
가구/인테리어,침구,거북목베개,100000
가구/인테리어,침구,겨울이불,440000
가구/인테리어,침구,경추베개,680000
가구/인테리어,침구,구스이불,460000
가구/인테리어,침구,극세사이불,460000
가구/인테리어,침구,극세사패드,100000
가구/인테리어,침구,낮잠이불,330000
가구/인테리어,침구,냉감이불,100000
가구/인테리어,침구,담요,560000
가구/인테리어,침구,라텍스베개,130000
가구/인테리어,침구,매트리스커버,290000
가구/인테리어,침구,메모리폼베개,130000
가구/인테리어,침구,메모리폼토퍼,100000
가구/인테리어,침구,모달이불,250000
가구/인테리어,침구,바디필로우,520000
가구/인테리어,침구,베개,2880000
가구/인테리어,침구,베개솜,180000
가구/인테리어,침구,베개커버,600000
가구/인테리어,침구,수면베개,100000
가구/인테리어,침구,알러지케어이불,110000
가구/인테리어,침구,여름매트,100000
가구/인테리어,침구,여름베개,100000
가구/인테리어,침구,여름이불,100000
가구/인테리어,침구,여름이불세트,100000
가구/인테리어,침구,여름차렵이불,100000
가구/인테리어,침구,여름침대패드,100000
가구/인테리어,침구,여름쿨매트,100000
가구/인테리어,침구,여름토퍼,100000
가구/인테리어,침구,이불,990000
가구/인테리어,침구,이불세트,370000
가구/인테리어,침구,이불커버,230000
가구/인테리어,침구,이불패드,100000
가구/인테리어,침구,일자목베개,160000
가구/인테리어,침구,접이식토퍼,150000
가구/인테리어,침구,차렵이불,360000
가구/인테리어,침구,침대쿨매트,100000
가구/인테리어,침구,침대패드,270000
가구/인테리어,침구,쿨매트,100000
가구/인테리어,침구,쿨베개,100000
가구/인테리어,침구,토퍼,1760000
가구/인테리어,침실가구,2층침대,390000
가구/인테리어,침실가구,3단매트리스,290000
가구/인테리어,침실가구,라텍스매트리스,560000
가구/인테리어,침실가구,매트리스,1700000
가구/인테리어,침실가구,모션베드,280000
가구/인테리어,침실가구,바닥매트리스,170000
가구/인테리어,침실가구,벙커침대,540000
가구/인테리어,침실가구,붙박이장,760000
가구/인테리어,침실가구,서랍형침대,100000
가구/인테리어,침실가구,수납침대,300000
가구/인테리어,침실가구,수면매트,230000
가구/인테리어,침실가구,슈퍼싱글매트리스,540000
가구/인테리어,침실가구,슈퍼싱글침대,480000
가구/인테리어,침실가구,시스템옷장,220000
가구/인테리어,침실가구,싱글매트리스,280000
가구/인테리어,침실가구,싱글침대,550000
가구/인테리어,침실가구,어린이매트리스,100000
가구/인테리어,침실가구,옷장,940000
가구/인테리어,침실가구,원목침대,160000
가구/인테리어,침실가구,접이식매트리스,650000
가구/인테리어,침실가구,침대,1530000
가구/인테리어,침실가구,침대매트리스,620000
가구/인테리어,침실가구,침대테이블,160000
가구/인테리어,침실가구,침대프레임,1030000
가구/인테리어,침실가구,콘솔,190000
가구/인테리어,침실가구,퀸매트리스,180000
가구/인테리어,침실가구,퀸침대,420000
가구/인테리어,침실가구,키즈침대,130000
가구/인테리어,침실가구,탁상거울,170000
가구/인테리어,침실가구,패밀리침대,430000
가구/인테리어,침실가구,협탁,280000
가구/인테리어,침실가구,화장대,1020000
가구/인테리어,침실가구,화장대거울,140000
가구/인테리어,침실가구,화장대의자,220000
게임,게임,FPS,110000
게임,게임,MMORPG,140000
게임,게임,PC게임,120000
게임,게임,RPG,130000
게임,게임,VR게임,100000
게임,게임,게임,1020000
게임,게임,모바일RPG,100000
게임,게임,모바일게임,430000
게임,게임,온라인게임,110000
교육,교육기관,사이버대학교,6000000
금융,보장성보험,1인실입원비보험,100000
금융,보장성보험,간병인보험,12000000
금융,보장성보험,강아지보험,3380000
금융,보장성보험,고양이보험,988000
금융,보장성보험,고지혈증보험,100000
금융,보장성보험,고혈압보험,100000
금융,보장성보험,뇌혈관질환보험,110000
금융,보장성보험,다이렉트자동차보험,8455000
금융,보장성보험,당뇨보험,220000
금융,보장성보험,법인자동차보험,310000
금융,보장성보험,상해보험,290000
금융,보장성보험,아파트화재보험,850000
금융,보장성보험,암보험,36770000
금융,보장성보험,암보험비갱신형,22171000
금융,보장성보험,어린이보험,8885000
금융,보장성보험,어린이치아보험,760000
금융,보장성보험,영업용자동차보험,390000
금융,보장성보험,영업용화물차보험,100000
금융,보장성보험,오토바이보험,4590000
금융,보장성보험,오토바이운전자보험,260000
금융,보장성보험,운전자보험,30570000
금융,보장성보험,원데이자동차보험,3540000
금융,보장성보험,유병자보험,942000
금융,보장성보험,일상생활배상책임보험,570000
금융,보장성보험,임플란트보험,400000
금융,보장성보험,자동차보험,72730000
금융,보장성보험,정기보험,1180000
금융,보장성보험,종신보험,1190000
금융,보장성보험,주택화재보험,1500000
금융,보장성보험,치매보험,780000
금융,보장성보험,치아보험,38000000
금융,보장성보험,태아보험,9469000
금융,보장성보험,펫보험,10000000
금융,보장성보험,허혈성심장질환보험,100000
금융,보장성보험,홀인원보험,291000
금융,보장성보험,화재보험,5970000
금융,보험일반,다이렉트건강보험,320000
금융,보험일반,종합보험,2264000
금융,실손의료보험,4세대실손보험,490000
금융,실손의료보험,실비보험,8925000
금융,실손의료보험,실손보험,6335000
금융,실손의료보험,유병자실비보험,810000
금융,여행자보험,국내여행자보험,100000
금융,여행자보험,단기여행자보험,675000
금융,여행자보험,여행자보험,22000000
금융,여행자보험,해외여행자보험,1405000
금융,연금,개인연금,1490000
금융,연금,연금저축,2390000
금융,예치/저축상품,예금,1780000
금융,예치/저축상품,적금,2400000
금융,예치/저축상품,정기적금,100000
금융,저축성보험,연금보험,480000
금융,저축성보험,연금저축보험,230000
금융,저축성보험,저축보험,2460000
금융,투자상품,CMA,1140000
금융,투자상품,ETF,2430000
금융,투자상품,IPO,870000
금융,투자상품,ISA,2860000
금융,투자상품,RIA,1200000
금융,투자상품,채권,340000
금융,투자상품,펀드,220000
기념일,기념일,발렌타인데이,13400000
기념일,기념일,설날,11140000
기타,명품,명품가방,990000
기타,명품,명품귀걸이,1030000
기타,명품,명품목걸이,2470000
기타,명품,명품반지,1400000
기타,명품,명품백팩,120000
기타,명품,명품벨트,100000
기타,명품,명품샌들,100000
기타,명품,명품스니커즈,100000
기타,명품,명품시계,2270000
기타,명품,명품신발,100000
기타,명품,명품에코백,100000
기타,명품,명품운동화,100000
기타,명품,명품지갑,170000
기타,명품,명품팔찌,1650000
기타,명품,명품패딩,400000
기타,명품,여성명품가방,160000
기타,패션잡화,가발,270000
기타,패션잡화,남자가발,130000
도서,도서,동화,250000
도서,도서,만화책,190000
도서,도서,산문,100000
도서,도서,소설,630000
도서,도서,시,640000
도서,도서,에세이,190000
도서,도서,전래동화,110000
도서,도서,책,1010000
도서,도서,초점책,110000
도서,도서,컬러링북,160000
생활/가정,건강용품,가정용좌욕기,100000
생활/가정,건강용품,거북목교정기,180000
생활/가정,건강용품,금연보조제,130000
생활/가정,건강용품,내성발톱교정기,150000
생활/가정,건강용품,동전파스,170000
생활/가정,건강용품,목견인기,380000
생활/가정,건강용품,목교정기,100000
생활/가정,건강용품,무릎보호대,1010000
생활/가정,건강용품,무지외반증교정기,300000
생활/가정,건강용품,발가락교정기,150000
생활/가정,건강용품,발목보호대,320000
생활/가정,건강용품,소음방지귀마개,100000
생활/가정,건강용품,손목보호대,610000
생활/가정,건강용품,수면안대,250000
생활/가정,건강용품,안대,180000
생활/가정,건강용품,어깨교정밴드,100000
생활/가정,건강용품,엘보보호대,100000
생활/가정,건강용품,온열안대,460000
생활/가정,건강용품,이어플러그,140000
생활/가정,건강용품,자세교정밴드,100000
생활/가정,건강용품,좌욕기,410000
생활/가정,건강용품,팔꿈치보호대,230000
생활/가정,건강용품,허리보호대,350000
생활/가정,건강용품,휠체어,220000
생활/가정,건강측정용품,가정용혈압계,250000
생활/가정,건강측정용품,비접촉체온계,100000
생활/가정,건강측정용품,산소포화도측정기,100000
생활/가정,건강측정용품,스마트체중계,100000
생활/가정,건강측정용품,임신테스트기,300000
생활/가정,건강측정용품,체온계,380000
생활/가정,건강측정용품,체중계,470000
생활/가정,건강측정용품,체지방체중계,100000
생활/가정,건강측정용품,혈압계,1100000
생활/가정,공구,가정용방역소독기,100000
생활/가정,공구,고용량멀티탭,340000
생활/가정,공구,공구함,130000
생활/가정,공구,구루마,330000
생활/가정,공구,그라인더,260000
생활/가정,공구,농약분무기,100000
생활/가정,공구,멀티탭,1090000
생활/가정,공구,멀티탭정리함,120000
생활/가정,공구,방수스프레이,170000
생활/가정,공구,방수페인트,100000
생활/가정,공구,방역소독기,100000
생활/가정,공구,사다리,740000
생활/가정,공구,송풍기,270000
생활/가정,공구,에어건,220000
생활/가정,공구,예초기,100000
생활/가정,공구,오일스테인,100000
생활/가정,공구,온도계,180000
생활/가정,공구,온습도계,250000
생활/가정,공구,이사박스,260000
생활/가정,공구,전동드릴,380000
생활/가정,공구,제설제,100000
생활/가정,공구,카트,310000
생활/가정,공구,하수구트랩,220000
생활/가정,공구,휴대용소화기,100000
생활/가정,문구/사무용품,NFC단말기,100000
생활/가정,문구/사무용품,네임스티커,730000
생활/가정,문구/사무용품,다이어리,3080000
생활/가정,문구/사무용품,데스크매트,200000
생활/가정,문구/사무용품,만년필,490000
생활/가정,문구/사무용품,무선카드단말기,145000
생활/가정,문구/사무용품,볼펜,350000
생활/가정,문구/사무용품,사진앨범,120000
생활/가정,문구/사무용품,생일초,110000
생활/가정,문구/사무용품,스터디플래너,320000
생활/가정,문구/사무용품,애플페이단말기,100000
생활/가정,문구/사무용품,입간판,180000
생활/가정,문구/사무용품,전자칠판,150000
생활/가정,문구/사무용품,초음파앨범,200000
생활/가정,문구/사무용품,카드단말기,540000
생활/가정,문구/사무용품,컬러링북,160000
생활/가정,문구/사무용품,코팅기,130000
생활/가정,문구/사무용품,키오스크,1000000
생활/가정,문구/사무용품,테이블오더,890000
생활/가정,문구/사무용품,파티용품,110000
생활/가정,문구/사무용품,포스기,400000
생활/가정,문구/사무용품,플래너,210000
생활/가정,미용/위생용품,가글,210000
생활/가정,미용/위생용품,각질제거기,140000
생활/가정,미용/위생용품,고불소치약,170000
생활/가정,미용/위생용품,고체치약,130000
생활/가정,미용/위생용품,구강스프레이,140000
생활/가정,미용/위생용품,구강청결제,210000
생활/가정,미용/위생용품,면도기,520000
생활/가정,미용/위생용품,미백치약,290000
생활/가정,미용/위생용품,미세모칫솔,100000
생활/가정,미용/위생용품,발각질제거기,480000
생활/가정,미용/위생용품,불소치약,220000
생활/가정,미용/위생용품,생리대,850000
생활/가정,미용/위생용품,생리컵,150000
생활/가정,미용/위생용품,성인용기저귀,170000
생활/가정,미용/위생용품,셀프치석제거기,100000
생활/가정,미용/위생용품,소독스프레이,100000
생활/가정,미용/위생용품,손소독스프레이,100000
생활/가정,미용/위생용품,손소독제,100000
생활/가정,미용/위생용품,손소독티슈,100000
생활/가정,미용/위생용품,시린이치약,140000
생활/가정,미용/위생용품,유기농생리대,100000
생활/가정,미용/위생용품,입는생리대,120000
생활/가정,미용/위생용품,입는오버나이트,160000
생활/가정,미용/위생용품,잇몸치약,230000
생활/가정,미용/위생용품,치실,360000
생활/가정,미용/위생용품,치아미백치약,100000
생활/가정,미용/위생용품,치약,1730000
생활/가정,미용/위생용품,칫솔,1200000
생활/가정,미용/위생용품,탐폰,270000
생활/가정,미용/위생용품,팬티라이너,240000
생활/가정,미용/위생용품,프로폴리스치약,100000
생활/가정,미용/위생용품,휴대용손소독제,100000
생활/가정,반려동물,강아지간식,530000
생활/가정,반려동물,강아지계단,470000
생활/가정,반려동물,강아지관절영양제,1240000
생활/가정,반려동물,강아지기관지영양제,800000
생활/가정,반려동물,강아지노즈워크장난감,120000
생활/가정,반려동물,강아지눈물영양제,780000
생활/가정,반려동물,강아지눈영양제,960000
생활/가정,반려동물,강아지덴탈껌,140000
생활/가정,반려동물,강아지루테인,260000
생활/가정,반려동물,강아지매트,860000
생활/가정,반려동물,강아지밥그릇,130000
생활/가정,반려동물,강아지방석,280000
생활/가정,반려동물,강아지배변패드,170000
생활/가정,반려동물,강아지사료,680000
생활/가정,반려동물,강아지샴푸,670000
생활/가정,반려동물,강아지수제간식,160000
생활/가정,반려동물,강아지슬개골영양제,120000
생활/가정,반려동물,강아지영양제,340000
생활/가정,반려동물,강아지오메가3,370000
생활/가정,반려동물,강아지옷,630000
생활/가정,반려동물,강아지우유,100000
생활/가정,반려동물,강아지울타리,140000
생활/가정,반려동물,강아지유모차,360000
생활/가정,반려동물,강아지유산균,1390000
생활/가정,반려동물,강아지이동가방,330000
생활/가정,반려동물,강아지인식표,180000
생활/가정,반려동물,강아지자동급식기,190000
생활/가정,반려동물,강아지장난감,180000
생활/가정,반려동물,강아지진드기퇴치제,100000
생활/가정,반려동물,강아지집,260000
생활/가정,반려동물,강아지치약,260000
생활/가정,반려동물,강아지침대,160000
생활/가정,반려동물,강아지칫솔,100000
생활/가정,반려동물,강아지쿨매트,100000
생활/가정,반려동물,강아지탈취제,100000
생활/가정,반려동물,강아지프로바이오틱스,100000
생활/가정,반려동물,강아지피부영양제,400000
생활/가정,반려동물,강아지하네스,140000
생활/가정,반려동물,강아지화식,340000
생활/가정,반려동물,개껌,200000
생활/가정,반려동물,고양이간식,264000
생활/가정,반려동물,고양이두부모래,110000
생활/가정,반려동물,고양이모래,1010000
생활/가정,반려동물,고양이물그릇,100000
생활/가정,반려동물,고양이사료,710000
생활/가정,반려동물,고양이숨숨집,260000
생활/가정,반려동물,고양이스크래쳐,230000
생활/가정,반려동물,고양이습식사료,100000
생활/가정,반려동물,고양이영양제,150000
생활/가정,반려동물,고양이유산균,350000
생활/가정,반려동물,고양이자동급식기,170000
생활/가정,반려동물,고양이자동화장실,126000
생활/가정,반려동물,고양이장난감,210000
생활/가정,반려동물,고양이집,110000
생활/가정,반려동물,고양이화장실,240000
생활/가정,반려동물,두부모래,200000
생활/가정,반려동물,배변패드,250000
생활/가정,반려동물,벤토나이트모래,110000
생활/가정,반려동물,캣타워,500000
생활/가정,반려동물,펫CCTV,100000
생활/가정,반려동물,펫드라이기,100000
생활/가정,반려동물,펫드라이룸,440000
생활/가정,반려동물,펫정수기,110000
생활/가정,보안용품,CCTV,800000
생활/가정,보안용품,현관CCTV,170000
생활/가정,보안용품,홈CCTV,200000
생활/가정,보안용품,홈캠,720000
생활/가정,생활용품,KF94덴탈마스크,100000
생활/가정,생활용품,각티슈,270000
생활/가정,생활용품,개미약,100000
생활/가정,생활용품,건조기섬유유연제,100000
생활/가정,생활용품,건조기시트,370000
생활/가정,생활용품,겨울마스크,100000
생활/가정,생활용품,곰팡이제거제,340000
생활/가정,생활용품,기내용목베개,180000
생활/가정,생활용품,다목적클리너,100000
생활/가정,생활용품,대형마스크,100000
생활/가정,생활용품,덴탈마스크,150000
생활/가정,생활용품,돌돌이테이프,460000
생활/가정,생활용품,두루마리휴지,370000
생활/가정,생활용품,드럼세탁기세제,100000
생활/가정,생활용품,등쿠션,100000
생활/가정,생활용품,디퓨저,800000
생활/가정,생활용품,라이터,220000
생활/가정,생활용품,룸스프레이,130000
생활/가정,생활용품,먼지차단마스크,100000
생활/가정,생활용품,면마스크,100000
생활/가정,생활용품,모기기피제,100000
생활/가정,생활용품,모기장,100000
생활/가정,생활용품,목베개,380000
생활/가정,생활용품,물걸레청소포,100000
생활/가정,생활용품,물티슈,1150000
생활/가정,생활용품,미세먼지마스크,100000
생활/가정,생활용품,밀대걸레,160000
생활/가정,생활용품,바퀴벌레약,130000
생활/가정,생활용품,방한마스크,340000
생활/가정,생활용품,방향제,330000
생활/가정,생활용품,배수구클리너,100000
생활/가정,생활용품,블랙마스크,100000
생활/가정,생활용품,빈대퇴치제,100000
생활/가정,생활용품,빨래건조대,950000
생활/가정,생활용품,빨아쓰는마스크,100000
생활/가정,생활용품,빨아쓰는행주,100000
생활/가정,생활용품,살충제,100000
생활/가정,생활용품,새부리형마스크,170000
생활/가정,생활용품,설거지비누,100000
생활/가정,생활용품,섬유유연제,820000
생활/가정,생활용품,섬유탈취제,210000
생활/가정,생활용품,섬유향수,100000
생활/가정,생활용품,세면대필터,330000
생활/가정,생활용품,세탁세제,610000
생활/가정,생활용품,소형마스크,100000
생활/가정,생활용품,손난로,290000
생활/가정,생활용품,쇼핑카트,100000
생활/가정,생활용품,수세미,300000
생활/가정,생활용품,슈케이스,100000
생활/가정,생활용품,압축봉,170000
생활/가정,생활용품,액체세제,110000
생활/가정,생활용품,음식물쓰레기통,280000
생활/가정,생활용품,일회용수세미,100000
생활/가정,생활용품,전기모기채,100000
생활/가정,생활용품,접이식카트,380000
생활/가정,생활용품,제습제,180000
생활/가정,생활용품,찌든때클리너,100000
생활/가정,생활용품,찜질팩,290000
생활/가정,생활용품,천연가습기,160000
생활/가정,생활용품,초파리트랩,100000
생활/가정,생활용품,캡슐세제,636000
생활/가정,생활용품,컬러마스크,100000
생활/가정,생활용품,코일매트,250000
생활/가정,생활용품,탈취제,770000
생활/가정,생활용품,특대형마스크,100000
생활/가정,생활용품,편백수,100000
생활/가정,생활용품,표백제,100000
생활/가정,생활용품,핫팩,3050000
생활/가정,생활용품,핸드카트,100000
생활/가정,생활용품,행주,220000
생활/가정,생활용품,화장지,480000
생활/가정,생활용품,휴지,440000
생활/가정,선물세트,결혼식답례품,500000
생활/가정,선물세트,돌잔치답례품,620000
생활/가정,선물세트,명절선물세트,2090000
생활/가정,선물세트,설선물세트,5570000
생활/가정,선물세트,수능선물세트,100000
생활/가정,선물세트,추석선물세트,100000
생활/가정,선물세트,화이트데이선물,460000
생활/가정,수납/정리용품,경량랙,100000
생활/가정,수납/정리용품,리빙박스,290000
생활/가정,수납/정리용품,수납박스,100000
생활/가정,수납/정리용품,압축팩,100000
생활/가정,수납/정리용품,옷걸이,780000
생활/가정,수납/정리용품,자동센서휴지통,340000
생활/가정,수납/정리용품,중량랙,100000
생활/가정,악기,기타,400000
생활/가정,악기,디지털피아노,580000
생활/가정,악기,싱잉볼,420000
생활/가정,악기,어쿠스틱기타,100000
생활/가정,악기,통기타,240000
생활/가정,안전용품,1급방진마스크,100000
생활/가정,안전용품,방진마스크,120000
생활/가정,안전용품,산업용마스크,100000
생활/가정,욕실용품,변기세정제,220000
생활/가정,욕실용품,변기커버,340000
생활/가정,욕실용품,비치타올,100000
생활/가정,욕실용품,샤워기필터,1299000
생활/가정,욕실용품,샤워커튼,190000
생활/가정,욕실용품,샤워호스,330000
생활/가정,욕실용품,수건,1050000
생활/가정,욕실용품,수압상승샤워기,100000
생활/가정,욕실용품,수전,420000
생활/가정,욕실용품,욕실샤워기수전,100000
생활/가정,욕실용품,욕실선반,370000
생활/가정,욕실용품,욕실청소솔,140000
생활/가정,욕실용품,욕실화,210000
생활/가정,욕실용품,욕조,300000
생활/가정,욕실용품,이동식욕조,150000
생활/가정,욕실용품,필터샤워기,1100000
생활/가정,욕실용품,화장실방향제,100000
생활/가정,욕실용품,화장실청소세제,300000
생활/가정,의료용품,방수밴드,120000
생활/가정,의료용품,습윤밴드,120000
생활/가정,잡화,키링,870000
생활/가정,장난감,공룡장난감,160000
생활/가정,장난감,보드게임,1100000
생활/가정,장난감,블럭,260000
생활/가정,장난감,아기장난감,180000
생활/가정,장난감,장난감,390000
생활/가정,정원/원예용품,식물영양제,100000
생활/가정,정원/원예용품,식물재배기,100000
생활/가정,정원/원예용품,압축분무기,100000
생활/가정,정원/원예용품,제초매트,100000
생활/가정,주방용품,고무장갑,250000
생활/가정,주방용품,그릇,340000
생활/가정,주방용품,김치통,120000
생활/가정,주방용품,냄비,500000
생활/가정,주방용품,냉동밥보관용기,140000
생활/가정,주방용품,냉장고정리용기,100000
생활/가정,주방용품,니트릴장갑,250000
생활/가정,주방용품,도마,800000
생활/가정,주방용품,도시락통,340000
생활/가정,주방용품,뚝배기,320000
생활/가정,주방용품,라텍스장갑,150000
생활/가정,주방용품,맥주잔,240000
생활/가정,주방용품,머그컵,510000
생활/가정,주방용품,모카포트,230000
생활/가정,주방용품,밀폐용기,160000
생활/가정,주방용품,반찬통,150000
생활/가정,주방용품,보온도시락,840000
생활/가정,주방용품,보온병,410000
생활/가정,주방용품,뽑아쓰는키친타올,100000
생활/가정,주방용품,소금후추그라인더,310000
생활/가정,주방용품,소스통,100000
생활/가정,주방용품,소주디스펜서,100000
생활/가정,주방용품,소주잔,160000
생활/가정,주방용품,수저세트,420000
생활/가정,주방용품,수저통,220000
생활/가정,주방용품,스텐도마,210000
생활/가정,주방용품,스텐물병,100000
생활/가정,주방용품,스텐반찬통,100000
생활/가정,주방용품,스텐텀블러,140000
생활/가정,주방용품,식기건조대,680000
생활/가정,주방용품,식기세척기린스,100000
생활/가정,주방용품,식기세척기세제,1330000
생활/가정,주방용품,실리콘찜기,210000
생활/가정,주방용품,싱크대물막이,140000
생활/가정,주방용품,싱크대수전,540000
생활/가정,주방용품,싱크대필터,140000
생활/가정,주방용품,쌀통,290000
생활/가정,주방용품,쓰레기봉투,200000
생활/가정,주방용품,아이스크림스쿱,100000
생활/가정,주방용품,아이스텀블러,100000
생활/가정,주방용품,양념통,160000
생활/가정,주방용품,얼음틀,100000
생활/가정,주방용품,와인잔,390000
생활/가정,주방용품,유리밀폐용기,100000
생활/가정,주방용품,유청분리기,240000
생활/가정,주방용품,인덕션냄비,190000
생활/가정,주방용품,인덕션후라이팬,180000
생활/가정,주방용품,재활용비닐봉투,100000
생활/가정,주방용품,전자레인지용기,240000
생활/가정,주방용품,접시,290000
생활/가정,주방용품,종이호일,100000
생활/가정,주방용품,주물냄비,200000
생활/가정,주방용품,주방세제,490000
생활/가정,주방용품,주방수전,320000
생활/가정,주방용품,지퍼백,170000
생활/가정,주방용품,진공쌀통,120000
생활/가정,주방용품,칼갈이,250000
생활/가정,주방용품,캔쿨러,100000
생활/가정,주방용품,콜드컵,100000
생활/가정,주방용품,키친타올,510000
생활/가정,주방용품,티포트,200000
생활/가정,주방용품,편백찜기,100000
생활/가정,주방용품,편수냄비,120000
생활/가정,주방용품,하이볼잔,100000
생활/가정,주방용품,핸드드립세트,100000
생활/가정,주방용품,후라이팬,1150000
생활/가정,주방용품,후라이팬정리대,120000
생활/가정,차량용품,HUD,280000
생활/가정,차량용품,TPE카매트,110000
생활/가정,차량용품,고압세척기,170000
생활/가정,차량용품,김서림방지제,100000
생활/가정,차량용품,냉각수,160000
생활/가정,차량용품,대쉬보드커버,100000
생활/가정,차량용품,도어가드,100000
생활/가정,차량용품,루프백,100000
생활/가정,차량용품,무선에어건,100000
생활/가정,차량용품,미션오일,170000
생활/가정,차량용품,부동액,300000
생활/가정,차량용품,브레이크오일,210000
생활/가정,차량용품,세차용품,320000
생활/가정,차량용품,스노우체인,680000
생활/가정,차량용품,스노우타이어,100000
생활/가정,차량용품,스마트키케이스,280000
생활/가정,차량용품,식빵등,100000
생활/가정,차량용품,엔진오일,530000
생활/가정,차량용품,연료첨가제,230000
생활/가정,차량용품,와이퍼,650000
생활/가정,차량용품,유리막코팅제,100000
생활/가정,차량용품,자동차광택제,100000
생활/가정,차량용품,자동차매트,250000
생활/가정,차량용품,자동차물왁스,100000
생활/가정,차량용품,자동차시트커버,120000
생활/가정,차량용품,자동차썬팅,100000
생활/가정,차량용품,자동차에어컨필터,120000
생활/가정,차량용품,자동차워셔액,100000
생활/가정,차량용품,자동차컴파운드,250000
생활/가정,차량용품,자동차코일매트,100000
생활/가정,차량용품,자동차키링,140000
생활/가정,차량용품,자동차키홀더,100000
생활/가정,차량용품,자동차핸들커버,280000
생활/가정,차량용품,전기차충전기,240000
생활/가정,차량용품,점프스타터,620000
생활/가정,차량용품,주차번호판,330000
생활/가정,차량용품,차량용가습기,200000
생활/가정,차량용품,차량용냉장고,100000
생활/가정,차량용품,차량용목쿠션,260000
생활/가정,차량용품,차량용무선충전거치대,100000
생활/가정,차량용품,차량용무선충전기,100000
생활/가정,차량용품,차량용방석,150000
생활/가정,차량용품,차량용방향제,1390000
생활/가정,차량용품,차량용선풍기,100000
생활/가정,차량용품,차량용소화기,250000
생활/가정,차량용품,차량용쓰레기통,100000
생활/가정,차량용품,차량용에어건,100000
생활/가정,차량용품,차량용청소기,570000
생활/가정,차량용품,차량용충전기,170000
생활/가정,차량용품,차량용컵홀더,120000
생활/가정,차량용품,차량용테이블,100000
생활/가정,차량용품,차량용휴대폰거치대,540000
생활/가정,차량용품,차박매트,100000
생활/가정,차량용품,타이어,940000
생활/가정,차량용품,타이어공기압주입기,800000
생활/가정,차량용품,트렁크매트,100000
생활/가정,차량용품,트렁크정리함,190000
생활/가정,출산/육아,공갈젖꼭지,320000
생활/가정,출산/육아,교구장,160000
생활/가정,출산/육아,기저귀,520000
생활/가정,출산/육아,기저귀가방,620000
생활/가정,출산/육아,놀이방매트,210000
생활/가정,출산/육아,디럭스유모차,130000
생활/가정,출산/육아,바운서,200000
생활/가정,출산/육아,베이비룸,150000
생활/가정,출산/육아,보행기,210000
생활/가정,출산/육아,분유,430000
생활/가정,출산/육아,분유쉐이커,290000
생활/가정,출산/육아,분유제조기,110000
생활/가정,출산/육아,빨대컵,260000
생활/가정,출산/육아,수유브라,260000
생활/가정,출산/육아,수유쿠션,310000
생활/가정,출산/육아,수유패드,160000
생활/가정,출산/육아,스프링카,110000
생활/가정,출산/육아,슬링,100000
생활/가정,출산/육아,시판이유식,190000
생활/가정,출산/육아,신생아가습기,350000
생활/가정,출산/육아,신생아기저귀,130000
생활/가정,출산/육아,신생아베개,100000
생활/가정,출산/육아,신생아초점책,100000
생활/가정,출산/육아,신생아카시트,110000
생활/가정,출산/육아,아기그네,100000
생활/가정,출산/육아,아기띠,450000
생활/가정,출산/육아,아기매트,470000
생활/가정,출산/육아,아기물티슈,280000
생활/가정,출산/육아,아기바디워시,110000
생활/가정,출산/육아,아기베개,160000
생활/가정,출산/육아,아기비데,400000
생활/가정,출산/육아,아기세제,270000
생활/가정,출산/육아,아기욕조,270000
생활/가정,출산/육아,아기울타리,100000
생활/가정,출산/육아,아기쿨매트,100000
생활/가정,출산/육아,애착인형,380000
생활/가정,출산/육아,어린이집낮잠이불,140000
생활/가정,출산/육아,어린이집수건,100000
생활/가정,출산/육아,어린이치약,200000
생활/가정,출산/육아,여름기저귀,100000
생활/가정,출산/육아,역류방지쿠션,250000
생활/가정,출산/육아,유모차,440000
생활/가정,출산/육아,유모차라이너,100000
생활/가정,출산/육아,유모차쿨시트,100000
생활/가정,출산/육아,유모차통풍시트,100000
생활/가정,출산/육아,유아마스크,260000
생활/가정,출산/육아,유아물병,190000
생활/가정,출산/육아,유아바디워시,100000
생활/가정,출산/육아,유아식,130000
생활/가정,출산/육아,유아웨건,100000
생활/가정,출산/육아,유아칫솔,380000
생활/가정,출산/육아,유아킥보드,100000
생활/가정,출산/육아,유축기,200000
생활/가정,출산/육아,이유식,490000
생활/가정,출산/육아,이유식냄비,130000
생활/가정,출산/육아,이유식용기,110000
생활/가정,출산/육아,임산부브라,120000
생활/가정,출산/육아,장난감정리함,180000
생활/가정,출산/육아,절충형유모차,220000
생활/가정,출산/육아,점퍼루,160000
생활/가정,출산/육아,젖병,370000
생활/가정,출산/육아,젖병보관함,100000
생활/가정,출산/육아,젖병세척기,200000
생활/가정,출산/육아,젖병소독기,1000000
생활/가정,출산/육아,주니어카시트,370000
생활/가정,출산/육아,짱구베개,220000
생활/가정,출산/육아,치발기,270000
생활/가정,출산/육아,카시트,710000
생활/가정,출산/육아,카시트보호매트,100000
생활/가정,출산/육아,콧물흡입기,350000
생활/가정,출산/육아,킨더밀쉬,110000
생활/가정,출산/육아,튼살크림,380000
생활/가정,출산/육아,퍼즐매트,180000
생활/가정,출산/육아,휴대용유모차,501000
생활/가정,출산/육아,힙시트,120000
스포츠/레저,겨울스포츠,스노우보드,290000
스포츠/레저,겨울스포츠,스노우보드복,620000
스포츠/레저,겨울스포츠,스노우보드장갑,130000
스포츠/레저,겨울스포츠,스키,390000
스포츠/레저,겨울스포츠,스키복,1150000
스포츠/레저,겨울스포츠,스키장갑,490000
스포츠/레저,겨울스포츠,스키헬멧,330000
스포츠/레저,골프,골프거리측정기,130000
스포츠/레저,골프,골프공,320000
스포츠/레저,골프,골프네임택,100000
스포츠/레저,골프,골프모자,110000
스포츠/레저,골프,골프백,510000
스포츠/레저,골프,골프백항공커버,160000
스포츠/레저,골프,골프벨트,100000
스포츠/레저,골프,골프볼주머니,100000
스포츠/레저,골프,골프스윙연습기,110000
스포츠/레저,골프,골프스타킹,100000
스포츠/레저,골프,골프양말,100000
스포츠/레저,골프,골프우산,100000
스포츠/레저,골프,골프웨어,550000
스포츠/레저,골프,골프이너웨어,100000
스포츠/레저,골프,골프장갑,360000
스포츠/레저,골프,골프채,230000
스포츠/레저,골프,골프티,100000
스포츠/레저,골프,골프티꽂이,100000
스포츠/레저,골프,골프파우치,100000
스포츠/레저,골프,골프패치,100000
스포츠/레저,골프,골프화,260000
스포츠/레저,골프,남성골프바지,120000
스포츠/레저,골프,남성골프웨어,100000
스포츠/레저,골프,남성골프장갑,100000
스포츠/레저,골프,남성골프화,200000
스포츠/레저,골프,드라이버,360000
스포츠/레저,골프,볼마커,100000
스포츠/레저,골프,아이언세트,100000
스포츠/레저,골프,아이언커버,100000
스포츠/레저,골프,여성골프장갑,100000
스포츠/레저,골프,여성골프화,130000
스포츠/레저,골프,유틸리티,130000
스포츠/레저,골프,파크골프공,110000
스포츠/레저,골프,파크골프채,810000
스포츠/레저,골프,퍼터,210000
스포츠/레저,골프,퍼터커버,100000
스포츠/레저,골프,퍼팅연습기,150000
스포츠/레저,등산,등산가방,320000
스포츠/레저,등산,등산모자,100000
스포츠/레저,등산,등산바지,220000
스포츠/레저,등산,등산복,210000
스포츠/레저,등산,등산스틱,530000
스포츠/레저,등산,등산화,710000
스포츠/레저,등산,스패츠,410000
스포츠/레저,등산,아이젠,1250000
스포츠/레저,등산,여자등산복,100000
스포츠/레저,레저잡화,남성방한부츠,100000
스포츠/레저,레저잡화,남성방한화,290000
스포츠/레저,레저잡화,남성패딩부츠,100000
스포츠/레저,레저잡화,남성패딩슈즈,100000
스포츠/레저,레저잡화,방한부츠,340000
스포츠/레저,레저잡화,방한화,810000
스포츠/레저,레저잡화,여성방한부츠,100000
스포츠/레저,레저잡화,여성방한화,150000
스포츠/레저,레저잡화,여성패딩부츠,100000
스포츠/레저,레저잡화,여성패딩슈즈,100000
스포츠/레저,레저잡화,자외선차단패치,100000
스포츠/레저,레저잡화,캐리어,3270000
스포츠/레저,레저잡화,쿨토시,100000
스포츠/레저,레저잡화,팔토시,130000
스포츠/레저,레저잡화,패딩부츠,470000
스포츠/레저,레저잡화,패딩슈즈,560000
스포츠/레저,스포츠의류,겨울패딩,120000
스포츠/레저,스포츠의류,경량패딩,1230000
스포츠/레저,스포츠의류,구스다운,570000
스포츠/레저,스포츠의류,기능성티셔츠,100000
스포츠/레저,스포츠의류,남성바람막이,100000
스포츠/레저,스포츠의류,남성트레이닝복,100000
스포츠/레저,스포츠의류,남자레깅스,100000
스포츠/레저,스포츠의류,남자조거팬츠,100000
스포츠/레저,스포츠의류,넥워머,940000
스포츠/레저,스포츠의류,넥쿨러,100000
스포츠/레저,스포츠의류,다운점퍼,100000
스포츠/레저,스포츠의류,러닝양말,240000
스포츠/레저,스포츠의류,러닝조끼,380000
스포츠/레저,스포츠의류,레깅스,390000
스포츠/레저,스포츠의류,롱패딩,1780000
스포츠/레저,스포츠의류,바람막이,260000
스포츠/레저,스포츠의류,숏패딩,580000
스포츠/레저,스포츠의류,스포츠브라,490000
스포츠/레저,스포츠의류,여름바람막이,100000
스포츠/레저,스포츠의류,여성바람막이,100000
스포츠/레저,스포츠의류,여자조거팬츠,100000
스포츠/레저,스포츠의류,요가필라테스복,2180000
스포츠/레저,스포츠의류,조거팬츠,260000
스포츠/레저,스포츠의류,쿨티셔츠,100000
스포츠/레저,스포츠의류,트레이닝복,390000
스포츠/레저,스포츠의류,패딩,2570000
스포츠/레저,스포츠의류,패딩점퍼,190000
스포츠/레저,스포츠의류,필라테스양말,460000
스포츠/레저,스포츠의류,필라테스토삭스,100000
스포츠/레저,스포츠의류,후리스,760000
스포츠/레저,야구,야구글러브,240000
스포츠/레저,오토바이,오토바이헬멧,330000
스포츠/레저,운동기구/용품,AB슬라이드,220000
스포츠/레저,운동기구/용품,골프마스크,100000
스포츠/레저,운동기구/용품,러닝고글,100000
스포츠/레저,운동기구/용품,런닝머신,740000
스포츠/레저,운동기구/용품,로잉머신,190000
스포츠/레저,운동기구/용품,모래주머니,160000
스포츠/레저,운동기구/용품,무게조절덤벨,100000
스포츠/레저,운동기구/용품,스텝밀,130000
스포츠/레저,운동기구/용품,스텝퍼,1310000
스포츠/레저,운동기구/용품,스포츠마스크,100000
스포츠/레저,운동기구/용품,스포츠양말,310000
스포츠/레저,운동기구/용품,스핀바이크,100000
스포츠/레저,운동기구/용품,실내자전거,2220000
스포츠/레저,운동기구/용품,요가매트,640000
스포츠/레저,운동기구/용품,워킹패드,260000
스포츠/레저,운동기구/용품,윗몸일으키기기구,100000
스포츠/레저,운동기구/용품,자외선차단마스크,130000
스포츠/레저,운동기구/용품,짐볼,180000
스포츠/레저,운동기구/용품,천국의계단,860000
스포츠/레저,운동기구/용품,케틀벨,180000
스포츠/레저,운동기구/용품,폼롤러,610000
스포츠/레저,운동기구/용품,푸쉬업바,160000
스포츠/레저,운동기구/용품,헬스스트랩,200000
스포츠/레저,운동기구/용품,헬스장갑,150000
스포츠/레저,운동화,겨울운동화,220000
스포츠/레저,운동화,남성운동화,440000
스포츠/레저,운동화,농구화,200000
스포츠/레저,운동화,런닝화,1470000
스포츠/레저,운동화,스니커즈,400000
스포츠/레저,운동화,여름운동화,100000
스포츠/레저,운동화,여성운동화,430000
스포츠/레저,운동화,운동화,1100000
스포츠/레저,운동화,워킹화,140000
스포츠/레저,운동화,축구화,430000
스포츠/레저,운동화,트레킹화,430000
스포츠/레저,운동화,풋살화,350000
스포츠/레저,워터스포츠,구명조끼,150000
스포츠/레저,워터스포츠,래쉬가드,620000
스포츠/레저,워터스포츠,수영복,1000000
스포츠/레저,워터스포츠,스노쿨링마스크,190000
스포츠/레저,워터스포츠,아쿠아슈즈,610000
스포츠/레저,워터스포츠,암튜브,100000
스포츠/레저,워터스포츠,튜브,120000
스포츠/레저,워터스포츠,해먹튜브,100000
스포츠/레저,자전거,MTB자전거,210000
스포츠/레저,자전거,로드자전거,380000
스포츠/레저,자전거,세발자전거,100000
스포츠/레저,자전거,유아자전거,100000
스포츠/레저,자전거,자전거,950000
스포츠/레저,자전거,자전거고글,100000
스포츠/레저,자전거,자전거의류,100000
스포츠/레저,자전거,자전거져지,100000
스포츠/레저,자전거,자전거헬멧,100000
스포츠/레저,자전거,전기자전거,1050000
스포츠/레저,자전거,접이식자전거,110000
스포츠/레저,자전거,픽시,590000
스포츠/레저,자전거,하이브리드자전거,100000
스포츠/레저,캠핑,그늘막텐트,100000
스포츠/레저,캠핑,그리들,140000
스포츠/레저,캠핑,난방텐트,510000
스포츠/레저,캠핑,랜턴,100000
스포츠/레저,캠핑,발포매트,100000
스포츠/레저,캠핑,버너,140000
스포츠/레저,캠핑,보냉백,340000
스포츠/레저,캠핑,쉘터,220000
스포츠/레저,캠핑,아이스박스,200000
스포츠/레저,캠핑,에어매트,276000
스포츠/레저,캠핑,에어텐트,470000
스포츠/레저,캠핑,원터치텐트,180000
스포츠/레저,캠핑,자충매트,140000
스포츠/레저,캠핑,차박텐트,100000
스포츠/레저,캠핑,침낭,440000
스포츠/레저,캠핑,캠핑가습기,100000
스포츠/레저,캠핑,캠핑난로,150000
스포츠/레저,캠핑,캠핑냉장고,100000
스포츠/레저,캠핑,캠핑랜턴,130000
스포츠/레저,캠핑,캠핑매트,110000
스포츠/레저,캠핑,캠핑발포매트,100000
스포츠/레저,캠핑,캠핑베개,100000
스포츠/레저,캠핑,캠핑선풍기,100000
스포츠/레저,캠핑,캠핑써큘레이터,100000
스포츠/레저,캠핑,캠핑아이스박스,100000
스포츠/레저,캠핑,캠핑에어컨,100000
스포츠/레저,캠핑,캠핑용품,280000
스포츠/레저,캠핑,캠핑웨건,100000
스포츠/레저,캠핑,캠핑의자,230000
스포츠/레저,캠핑,캠핑이불,100000
스포츠/레저,캠핑,캠핑전기난로,100000
스포츠/레저,캠핑,캠핑전기장판,180000
스포츠/레저,캠핑,캠핑주전자,100000
스포츠/레저,캠핑,캠핑쿨러,100000
스포츠/레저,캠핑,캠핑테이블,220000
스포츠/레저,캠핑,캠핑텐트,100000
스포츠/레저,캠핑,캠핑폴딩박스,100000
스포츠/레저,캠핑,쿨러백,100000
스포츠/레저,캠핑,타프,100000
스포츠/레저,캠핑,텐트,250000
스포츠/레저,캠핑,파라솔,110000
스포츠/레저,캠핑,파워뱅크,410000
스포츠/레저,캠핑,헤드랜턴,190000
스포츠/레저,테니스,테니스가방,110000
스포츠/레저,테니스,테니스라켓,200000
스포츠/레저,테니스,테니스웨어,100000
스포츠/레저,테니스,테니스화,200000
스포츠/레저,퍼스널모빌리티,듀얼전동킥보드,100000
스포츠/레저,퍼스널모빌리티,전동킥보드,240000
스포츠/레저,퍼스널모빌리티,전동킥보드헬멧,100000
스포츠/레저,퍼스널모빌리티,전동휠,100000
식품,건강식품,100억유산균,110000
식품,건강식품,AMPK효소,100000
식품,건강식품,BCAA,170000
식품,건강식품,L아르기닌,100000
식품,건강식품,L카르니틴,100000
식품,건강식품,MBP,360000
식품,건강식품,MCT오일,160000
식품,건강식품,MSM,500000
식품,건강식품,NAG,100000
식품,건강식품,NMN,2230000
식품,건강식품,NTG오메가3,100000
식품,건강식품,RTG오메가3,1180000
식품,건강식품,가르시니아,190000
식품,건강식품,가자추출물,100000
식품,건강식품,간영양제,1200000
식품,건강식품,감마리놀렌산,160000
식품,건강식품,갱년기영양제,890000
식품,건강식품,곡물발효효소,100000
식품,건강식품,곡물효소,100000
식품,건강식품,골다공증영양제,140000
식품,건강식품,곰보배추시럽,100000
식품,건강식품,관절영양제,630000
식품,건강식품,구강유산균,2050000
식품,건강식품,구아검가수분해물,100000
식품,건강식품,구절초추출물,100000
식품,건강식품,그린세라,110000
식품,건강식품,그린세라F,100000
식품,건강식품,그린프로폴리스,100000
식품,건강식품,글루코사민,160000
식품,건강식품,글루타치온,2650000
식품,건강식품,글루타치온필름,130000
식품,건강식품,기억력영양제,120000
식품,건강식품,꿀,430000
식품,건강식품,꿀스틱,160000
식품,건강식품,나토키나제,130000
식품,건강식품,낙산균,210000
식품,건강식품,난각막,100000
식품,건강식품,난각막가수분해물,100000
식품,건강식품,녹용,380000
식품,건강식품,뇌영양제,1320000
식품,건강식품,눈영양제,1030000
식품,건강식품,뉴질랜드초록입홍합,100000
식품,건강식품,다이어트보조제,410000
식품,건강식품,다이어트유산균,630000
식품,건강식품,다이어트음료,100000
식품,건강식품,다이어트효소,100000
식품,건강식품,단백질보충제,660000
식품,건강식품,단백질쉐이크,1410000
식품,건강식품,단백질음료,1240000
식품,건강식품,단백질파우더,110000
식품,건강식품,대마종자유,3110000
식품,건강식품,덴마크유산균,1900000
식품,건강식품,도라지배즙,680000
식품,건강식품,락토페린,130000
식품,건강식품,락티움,100000
식품,건강식품,레드프로폴리스,100000
식품,건강식품,레몬생강즙,440000
식품,건강식품,레몬즙,870000
식품,건강식품,로즈마리추출물,100000
식품,건강식품,로즈힙퓨레,100000
식품,건강식품,루테리유산균,100000
식품,건강식품,루테올린차즈기,100000
식품,건강식품,루테인,2080000
식품,건강식품,루테인지아잔틴,1980000
식품,건강식품,루테인지아잔틴아스타잔틴,400000
식품,건강식품,류신,130000
식품,건강식품,류신타블렛,100000
식품,건강식품,리포좀NMN,330000
식품,건강식품,리포좀글루타치온,2490000
식품,건강식품,리포좀비타민,100000
식품,건강식품,리포좀비타민C,960000
식품,건강식품,링곤베리,100000
식품,건강식품,링곤베리퓨레,100000
식품,건강식품,마그네슘영양제,1050000
식품,건강식품,마누카캔디,100000
식품,건강식품,마카,230000
식품,건강식품,말엘라스틴,100000
식품,건강식품,매스틱검,180000
식품,건강식품,맥문동,490000
식품,건강식품,맥주효모,1330000
식품,건강식품,먹는엘라스틴,100000
식품,건강식품,먹는콜라겐,220000
식품,건강식품,멜라토닌,2350000
식품,건강식품,멜라토닌젤리,150000
식품,건강식품,모로실,100000
식품,건강식품,모로오렌지,100000
식품,건강식품,무릎관절영양제,110000
식품,건강식품,뮤신,730000
식품,건강식품,밀크씨슬,3000000
식품,건강식품,바나바잎,340000
식품,건강식품,발포비타민,100000
식품,건강식품,발효율피,100000
식품,건강식품,배도라지스틱,100000
식품,건강식품,배즙,100000
식품,건강식품,백수오,100000
식품,건강식품,베르가못,240000
식품,건강식품,보스웰리아,690000
식품,건강식품,분리유청단백질,100000
식품,건강식품,브로멜라인,490000
식품,건강식품,블랙마카,270000
식품,건강식품,비오틴,1020000
식품,건강식품,비오틴콜라겐,100000
식품,건강식품,비타민,610000
식품,건강식품,비타민B,760000
식품,건강식품,비타민C,1830000
식품,건강식품,비타민D,1880000
식품,건강식품,비타민K,100000
식품,건강식품,비타민K2,190000
식품,건강식품,비타민젤리,110000
식품,건강식품,비트즙,210000
식품,건강식품,비피더스유산균,920000
식품,건강식품,사과즙,220000
식품,건강식품,산양유,140000
식품,건강식품,산양유단백질,510000
식품,건강식품,산양유초유단백질,100000
식품,건강식품,삼백초추출물,1380000
식품,건강식품,상어연골콘드로이친,100000
식품,건강식품,새싹보리,100000
식품,건강식품,새싹보리분말,100000
식품,건강식품,석류즙,160000
식품,건강식품,석류콜라겐,100000
식품,건강식품,석류콜라겐젤리,100000
식품,건강식품,석류콜라겐젤리스틱,100000
식품,건강식품,소연골콘드로이친,1090000
식품,건강식품,소화효소,190000
식품,건강식품,수국잎열수추출물,100000
식품,건강식품,수국잎추출물,100000
식품,건강식품,수면영양제,140000
식품,건강식품,수험생영양제,190000
식품,건강식품,숙취해소음료,170000
식품,건강식품,숙취해소제,670000
식품,건강식품,시서스,220000
식품,건강식품,시서스가루,100000
식품,건강식품,식물성단백질,100000
식품,건강식품,식물성멜라토닌,430000
식품,건강식품,식물성알티지오메가3,100000
식품,건강식품,식물성오메가3,490000
식품,건강식품,신바이오틱스,100000
식품,건강식품,쏘팔메토,620000
식품,건강식품,아기유산균,500000
식품,건강식품,아누카사과,100000
식품,건강식품,아누카사과분말,100000
식품,건강식품,아르기닌,1320000
식품,건강식품,아스타잔틴,650000
식품,건강식품,아연영양제,350000
식품,건강식품,알로에겔,100000
식품,건강식품,알부민,11100000
식품,건강식품,알파CD,7010000
식품,건강식품,애플사이다비니거,1200000
식품,건강식품,양배추즙,850000
식품,건강식품,양춘사,100000
식품,건강식품,양파즙,180000
식품,건강식품,어골칼슘,100000
식품,건강식품,어린이비타민,180000
식품,건강식품,어린이영양제,180000
식품,건강식품,어린이유산균,540000
식품,건강식품,어린이철분제,150000
식품,건강식품,어린이홍삼,100000
식품,건강식품,어린콜라겐,150000
식품,건강식품,에너지젤,260000
식품,건강식품,에키네시아,100000
식품,건강식품,에키네시아추출물,100000
식품,건강식품,엘라스틴콜라겐,100000
식품,건강식품,엘시스테인,100000
식품,건강식품,여성갱년기영양제,100000
식품,건강식품,여성유산균,3660000
식품,건강식품,여주환,130000
식품,건강식품,엽산,1330000
식품,건강식품,오메가3,8580000
식품,건강식품,올레샷,820000
식품,건강식품,올리브오일캡슐,1501000
식품,건강식품,위영양제,210000
식품,건강식품,유기농레몬즙,330000
식품,건강식품,유기농새싹보리,100000
식품,건강식품,유산균,6570000
식품,건강식품,유청단백질,100000
식품,건강식품,이노시톨,3520000
식품,건강식품,이뮨멀티비타민,270000
식품,건강식품,이뮨비타민,100000
식품,건강식품,임산부영양제,250000
식품,건강식품,임산부오메가3,720000
식품,건강식품,임산부유산균,540000
식품,건강식품,임산부철분제,350000
식품,건강식품,잇몸영양제,310000
식품,건강식품,잔티젠,180000
식품,건강식품,장어즙,190000
식품,건강식품,저분자콜라겐,670000
식품,건강식품,저분자콜라겐펩타이드,100000
식품,건강식품,저분자피쉬콜라겐,210000
식품,건강식품,전립선영양제,390000
식품,건강식품,종합비타민,2320000
식품,건강식품,차전자피,1160000
식품,건강식품,차즈기,100000
식품,건강식품,천심련,100000
식품,건강식품,천연꿀,100000
식품,건강식품,철갑상어콘드로이친,1700000
식품,건강식품,철분제,630000
식품,건강식품,초록입홍합,140000
식품,건강식품,초록입홍합오일,100000
식품,건강식품,초유단백질,100000
식품,건강식품,초임계알티지오메가3,390000
식품,건강식품,칡즙,170000
식품,건강식품,침향,530000
식품,건강식품,침향환,540000
식품,건강식품,카르니틴,100000
식품,건강식품,카무트효소,4000000
식품,건강식품,카테킨,130000
식품,건강식품,칼슘마그네슘비타민D,470000
식품,건강식품,칼슘영양제,360000
식품,건강식품,커큐민,1430000
식품,건강식품,컬리케일,230000
식품,건강식품,코면역유산균,100000
식품,건강식품,코엔자임Q10,4710000
식품,건강식품,코코넛오일,250000
식품,건강식품,콘드로이친,5650000
식품,건강식품,콘드로이친1200,6120000
식품,건강식품,콜라겐,2670000
식품,건강식품,콜레스테롤영양제,160000
식품,건강식품,퀘르세틴,340000
식품,건강식품,크릴오일,110000
식품,건강식품,클로렐라,110000
식품,건강식품,키성장영양제,830000
식품,건강식품,타마플렉스,180000
식품,건강식품,타트체리,160000
식품,건강식품,타트체리젤리,100000
식품,건강식품,타트체리콜라겐,100000
식품,건강식품,타히보,100000
식품,건강식품,탄수화물컷팅제,100000
식품,건강식품,탈모영양제,100000
식품,건강식품,테아닌,210000
식품,건강식품,파로효소,280000
식품,건강식품,파비플로라,2110000
식품,건강식품,파인애플효소,140000
식품,건강식품,포스타디딜세린,420000
식품,건강식품,포스트바이오틱스,100000
식품,건강식품,포스파티딜세린,5500000
식품,건강식품,폴리코사놀,1540000
식품,건강식품,폴리페놀,110000
식품,건강식품,푸룬주스,510000
식품,건강식품,프로바이오틱스,1600000
식품,건강식품,프로테오글리칸,100000
식품,건강식품,프로폴리스,790000
식품,건강식품,프리바이오틱스,430000
식품,건강식품,피로회복제,230000
식품,건강식품,피세틴,100000
식품,건강식품,피크노제놀,280000
식품,건강식품,햄프씨드오일,100000
식품,건강식품,혈당영양제,100000
식품,건강식품,혈당유산균,100000
식품,건강식품,혈압영양제,100000
식품,건강식품,혈액순환개선제,350000
식품,건강식품,호박즙,160000
식품,건강식품,홍국,100000
식품,건강식품,홍삼,500000
식품,건강식품,홍삼스틱,200000
식품,건강식품,홍삼정,110000
식품,건강식품,홍삼진액,190000
식품,건강식품,활성엽산,390000
식품,건강식품,효소,830000
식품,건강식품,흑염소진액,2410000
식품,과자류,곤약젤리,360000
식품,과자류,곤약쫀드기,100000
식품,과자류,과자,850000
식품,과자류,다크초콜릿,330000
식품,과자류,발렌타인데이초콜릿,3160000
식품,과자류,사탕,210000
식품,과자류,아기과자,100000
식품,과자류,아이스크림,820000
식품,과자류,젤리,290000
식품,과자류,초콜릿,800000
식품,과자류,케이크,2460000
식품,과자류,푸딩,160000
식품,과자류,화이트데이사탕,170000
식품,과자류,화이트데이초콜릿,100000
식품,식품,가래떡,230000
식품,식품,견과류,770000
식품,식품,곤약떡볶이,100000
식품,식품,곤약면,100000
식품,식품,곤약밥,210000
식품,식품,곤약쌀,190000
식품,식품,과일청,100000
식품,식품,국수,520000
식품,식품,그래놀라,500000
식품,식품,김,790000
식품,식품,김치,640000
식품,식품,냉면,450000
식품,식품,다이어트쉐이크,130000
식품,식품,다이어트시리얼,100000
식품,식품,단백질바,230000
식품,식품,닭가슴살,2220000
식품,식품,닭가슴살도시락,100000
식품,식품,닭다리살,400000
식품,식품,도라지청,851000
식품,식품,도시락,820000
식품,식품,된장,260000
식품,식품,딸기잼,110000
식품,식품,땅콩버터,870000
식품,식품,떡볶이,1520000
식품,식품,떡볶이밀키트,100000
식품,식품,라면,720000
식품,식품,롤케이크,130000
식품,식품,마누카꿀,500000
식품,식품,만두,880000
식품,식품,메밀면,100000
식품,식품,명란젓,340000
식품,식품,묵은지,250000
식품,식품,미역국수,100000
식품,식품,밀푀유나베밀키트,100000
식품,식품,배도라지청,130000
식품,식품,볶음밥,340000
식품,식품,부대찌개밀키트,100000
식품,식품,브리또,340000
식품,식품,비빔면,100000
식품,식품,비빔밥,370000
식품,식품,사과식초,130000
식품,식품,생강청,450000
식품,식품,소떡소떡,100000
식품,식품,소스,100000
식품,식품,소시지,220000
식품,식품,소풍도시락,100000
식품,식품,송편,100000
식품,식품,수제청,100000
식품,식품,스프,200000
식품,식품,시리얼,260000
식품,식품,시즈닝,120000
식품,식품,식사대용쉐이크,100000
식품,식품,식용아르간오일,100000
식품,식품,쌈장,130000
식품,식품,쑥떡,130000
식품,식품,어묵,280000
식품,식품,에너지바,120000
식품,식품,엑스트라버진올리브오일,410000
식품,식품,연잎밥,110000
식품,식품,오트밀,700000
식품,식품,올리브오일,4000000
식품,식품,육포,230000
식품,식품,인절미,120000
식품,식품,잼,100000
식품,식품,저칼로리소스,100000
식품,식품,조미김,150000
식품,식품,죽,460000
식품,식품,즉석밥,120000
식품,식품,참치캔,280000
식품,식품,찹쌀떡,380000
식품,식품,총각김치,220000
식품,식품,치킨,3120000
식품,식품,컵라면,440000
식품,식품,코인육수,560000
식품,식품,쿠킹박스,600000
식품,식품,파스타,1540000
식품,식품,편육,230000
식품,식품,피자,2110000
식품,식품,핫도그,330000
식품,식품,햄,100000
식품,식품,햄버거,1270000
식품,식품,현미곤약밥,100000
식품,식품,호두강정,110000
식품,식품,호두정과,400000
식품,식품,호두정과답례품,240000
식품,음료,ABC쥬스,370000
식품,음료,CCA쥬스,430000
식품,음료,검은콩두유,310000
식품,음료,귀리우유,100000
식품,음료,그릭요거트,1380000
식품,음료,녹차,260000
식품,음료,다이어트커피,100000
식품,음료,단백질커피,110000
식품,음료,당근주스,280000
식품,음료,두유,750000
식품,음료,디카페인원두,180000
식품,음료,디카페인커피,260000
식품,음료,라떼,140000
식품,음료,레몬수,120000
식품,음료,루이보스티,290000
식품,음료,말차,690000
식품,음료,말차라떼,290000
식품,음료,방탄커피,240000
식품,음료,보리차,290000
식품,음료,보리차원액,180000
식품,음료,보이차,570000
식품,음료,붓기차,200000
식품,음료,생수,890000
식품,음료,스테비아커피,100000
식품,음료,스테비아커피믹스,170000
식품,음료,쌍화차,490000
식품,음료,아이스티,100000
식품,음료,에너지드링크,100000
식품,음료,에너지음료,100000
식품,음료,오렌지쥬스,120000
식품,음료,요거트,350000
식품,음료,요구르트,150000
식품,음료,우롱차,230000
식품,음료,우유,370000
식품,음료,원두커피,280000
식품,음료,작두콩차,310000
식품,음료,제로음료,100000
식품,음료,쥬스,100000
식품,음료,캐모마일차,280000
식품,음료,캡슐커피,370000
식품,음료,커피,2650000
식품,음료,커피믹스,480000
식품,음료,커피원두,480000
식품,음료,코코넛밀크,130000
식품,음료,콜드브루,440000
식품,음료,콤부차,300000
식품,음료,타트체리원액,100000
식품,음료,타트체리쥬스,100000
식품,음료,탄산수,620000
식품,음료,토닉워터,210000
식품,음료,해독주스,360000
식품,음료,허브차,100000
식품,음료,헛개차,100000
식품,음료,홍차,220000
식품,음료,히비스커스차,110000
영상/공연,방송,드라마,7800000
영상/공연,방송,미국드라마,250000
영상/공연,방송,영국드라마,100000
영상/공연,방송,일본드라마,250000
영상/공연,방송,중국드라마,910000
영상/공연,연극,연극,2000000
영상/공연,영화,SF영화,140000
영상/공연,영화,가족영화,120000
영상/공연,영화,공포영화,540000
영상/공연,영화,국내영화,480000
영상/공연,영화,느와르영화,100000
영상/공연,영화,독립영화,100000
영상/공연,영화,로맨스영화,330000
영상/공연,영화,로맨틱코미디영화,100000
영상/공연,영화,스릴러영화,150000
영상/공연,영화,애니메이션영화,130000
영상/공연,영화,액션영화,140000
영상/공연,영화,영화_대표키워드,32050000
영상/공연,영화,영화_세부키워드,3490000
영상/공연,영화,외국영화,100000
영상/공연,영화,일본영화,260000
영상/공연,영화,중국영화,100000
영상/공연,영화,코미디영화,160000
영상/공연,영화,판타지영화,100000
자동차,자동차,SUV,750000
자동차,자동차,경차,390000
자동차,자동차,밴,100000
자동차,자동차,세단,170000
자동차,자동차,소형SUV,730000
자동차,자동차,소형차,180000
자동차,자동차,수소차,240000
자동차,자동차,스포츠카,130000
자동차,자동차,외제차,180000
자동차,자동차,전기차,1720000
자동차,자동차,준중형차,100000
자동차,자동차,중형SUV,170000
자동차,자동차,컨버터블,190000
자동차,자동차,쿠페,100000
자동차,자동차,픽업트럭,520000
자동차,자동차,하이브리드자동차,640000
자동차,자동차,해치백,100000
전자/가전,AI/무전기기,서빙로봇,180000
전자/가전,PC/주변기기,27인치모니터,230000
전자/가전,PC/주변기기,32인치모니터,180000
전자/가전,PC/주변기기,SSD,410000
전자/가전,PC/주변기기,USB,490000
전자/가전,PC/주변기기,USB허브,220000
전자/가전,PC/주변기기,게이밍노트북,660000
전자/가전,PC/주변기기,게이밍마우스,200000
전자/가전,PC/주변기기,게이밍모니터,220000
전자/가전,PC/주변기기,게이밍키보드,270000
전자/가전,PC/주변기기,노트북,2710000
전자/가전,PC/주변기기,노트북가방,460000
전자/가전,PC/주변기기,노트북받침대,100000
전자/가전,PC/주변기기,노트북파우치,250000
전자/가전,PC/주변기기,데스크탑,330000
전자/가전,PC/주변기기,라벨프린터,210000
전자/가전,PC/주변기기,라우터,100000
전자/가전,PC/주변기기,레이저프린터,200000
전자/가전,PC/주변기기,마우스,590000
전자/가전,PC/주변기기,마우스패드,390000
전자/가전,PC/주변기기,모니터,840000
전자/가전,PC/주변기기,모니터거치대,100000
전자/가전,PC/주변기기,모니터받침대,370000
전자/가전,PC/주변기기,모니터암,610000
전자/가전,PC/주변기기,무선마우스,350000
전자/가전,PC/주변기기,무선키보드,330000
전자/가전,PC/주변기기,무선키보드마우스세트,100000
전자/가전,PC/주변기기,버티컬마우스,310000
전자/가전,PC/주변기기,복합기,210000
전자/가전,PC/주변기기,블루투스마우스,110000
전자/가전,PC/주변기기,블루투스키보드,270000
전자/가전,PC/주변기기,블루투스키보드마우스세트,100000
전자/가전,PC/주변기기,스마트모니터,100000
전자/가전,PC/주변기기,스캐너,100000
전자/가전,PC/주변기기,장패드,160000
전자/가전,PC/주변기기,컴퓨터,1070000
전자/가전,PC/주변기기,키보드,1380000
전자/가전,PC/주변기기,키보드마우스세트,100000
전자/가전,PC/주변기기,태블릿PC,1220000
전자/가전,PC/주변기기,포토프린터,390000
전자/가전,PC/주변기기,프린터,280000
전자/가전,PC/주변기기,하드디스크,320000
전자/가전,PC/주변기기,휴대용모니터,340000
전자/가전,건강가전,EMS마사지기,220000
전자/가전,건강가전,EMS저주파마사지기,100000
전자/가전,건강가전,고주파마사지기,280000
전자/가전,건강가전,공기압다리마사지기,100000
전자/가전,건강가전,눈마사지기,220000
전자/가전,건강가전,다리마사지기,510000
전자/가전,건강가전,두피마사지기,600000
전자/가전,건강가전,마사지건,290000
전자/가전,건강가전,목안마기,380000
전자/가전,건강가전,목어깨안마기,165000
전자/가전,건강가전,무릎마사지기,160000
전자/가전,건강가전,미니마사지건,100000
전자/가전,건강가전,미니마사지기,100000
전자/가전,건강가전,발마사지기,320000
전자/가전,건강가전,복부마사지기,100000
전자/가전,건강가전,손마사지기,1000000
전자/가전,건강가전,손목마사지기,180000
전자/가전,건강가전,승마운동기구,200000
전자/가전,건강가전,안마기,560000
전자/가전,건강가전,안마의자,1730000
전자/가전,건강가전,어깨안마기,470000
전자/가전,건강가전,온열찜질기,330000
전자/가전,건강가전,저주파마사지기,270000
전자/가전,건강가전,전기찜질기,120000
전자/가전,건강가전,족욕기,490000
전자/가전,건강가전,종아리마사지기,660000
전자/가전,건강가전,진동안마기,100000
전자/가전,건강가전,쿨링마사지기,100000
전자/가전,건강가전,허리마사지기,420000
전자/가전,건강가전,허리찜질기,170000
전자/가전,게이밍,게임기,200000
전자/가전,계절가전,BLDC선풍기,100000
전자/가전,계절가전,USB선풍기,100000
전자/가전,계절가전,가스보일러,160000
전자/가전,계절가전,가습공기청정기,170000
전자/가전,계절가전,가습기,4160000
전자/가전,계절가전,가열식가습기,3700000
전자/가전,계절가전,가정용선풍기,100000
전자/가전,계절가전,가정용전기난로,100000
전자/가전,계절가전,공기청정제습기,100000
전자/가전,계절가전,공업용선풍기,100000
전자/가전,계절가전,기화식가습기,290000
전자/가전,계절가전,난로,340000
전자/가전,계절가전,날개없는선풍기,100000
전자/가전,계절가전,냉풍기,100000
전자/가전,계절가전,넥밴드선풍기,100000
전자/가전,계절가전,대용량가습기,840000
전자/가전,계절가전,대형선풍기,100000
전자/가전,계절가전,라디에이터,580000
전자/가전,계절가전,목선풍기,100000
전자/가전,계절가전,무선가습기,100000
전자/가전,계절가전,무선선풍기,100000
전자/가전,계절가전,무선써큘레이터,100000
전자/가전,계절가전,무소음선풍기,100000
전자/가전,계절가전,무소음써큘레이터,100000
전자/가전,계절가전,미니가습기,860000
전자/가전,계절가전,미니선풍기,100000
전자/가전,계절가전,미니제습기,100000
전자/가전,계절가전,미니히터,100000
전자/가전,계절가전,발난로,230000
전자/가전,계절가전,벽걸이에어컨,290000
전자/가전,계절가전,보일러,490000
전자/가전,계절가전,복합식가습기,190000
전자/가전,계절가전,사무실가습기,170000
전자/가전,계절가전,사무실전기난로,100000
전자/가전,계절가전,선풍기,140000
전자/가전,계절가전,선풍기써큘레이터,100000
전자/가전,계절가전,소형가습기,100000
전자/가전,계절가전,소형제습기,100000
전자/가전,계절가전,손선풍기,100000
전자/가전,계절가전,스탠드선풍기,100000
전자/가전,계절가전,스탠드에어컨,100000
전자/가전,계절가전,시스템에어컨,310000
전자/가전,계절가전,실링팬,640000
전자/가전,계절가전,써큘레이터,150000
전자/가전,계절가전,업소용선풍기,100000
전자/가전,계절가전,에어컨,550000
전자/가전,계절가전,오방난로,280000
전자/가전,계절가전,온수매트,990000
전자/가전,계절가전,온열담요,100000
전자/가전,계절가전,온풍기,1350000
전자/가전,계절가전,욕실난방기,110000
전자/가전,계절가전,유모차선풍기,100000
전자/가전,계절가전,이동식에어컨,100000
전자/가전,계절가전,자연기화식가습기,230000
전자/가전,계절가전,저소음선풍기,100000
전자/가전,계절가전,전기난로,580000
전자/가전,계절가전,전기담요,290000
전자/가전,계절가전,전기온풍기,190000
전자/가전,계절가전,전기요,270000
전자/가전,계절가전,전기장판,2310000
전자/가전,계절가전,전기히터,830000
전자/가전,계절가전,제습기,690000
전자/가전,계절가전,창문형에어컨,200000
전자/가전,계절가전,초음파가습기,210000
전자/가전,계절가전,충전식손난로,190000
전자/가전,계절가전,카본히터,100000
전자/가전,계절가전,탁상용가습기,100000
전자/가전,계절가전,탁상용선풍기,100000
전자/가전,계절가전,탄소매트,3730000
전자/가전,계절가전,파티션히터,100000
전자/가전,계절가전,팬히터,170000
전자/가전,계절가전,휴대용가습기,150000
전자/가전,계절가전,휴대용선풍기,100000
전자/가전,계절가전,휴대용손난로,100000
전자/가전,계절가전,히터,520000
전자/가전,계절가전,히팅패드,100000
전자/가전,미용/위생가전,LED마스크,100000
전자/가전,미용/위생가전,가정용레이저제모기,100000
전자/가전,미용/위생가전,가정용제모기,100000
전자/가전,미용/위생가전,갈바닉,270000
전자/가전,미용/위생가전,고데기,610000
전자/가전,미용/위생가전,구강세정기,650000
전자/가전,미용/위생가전,남성제모기,100000
전자/가전,미용/위생가전,레이저제모기,490000
전자/가전,미용/위생가전,무선고데기,270000
전자/가전,미용/위생가전,무선칫솔살균기,100000
전자/가전,미용/위생가전,물결고데기,110000
전자/가전,미용/위생가전,미니고데기,110000
전자/가전,미용/위생가전,바디트리머,100000
전자/가전,미용/위생가전,봉고데기,210000
전자/가전,미용/위생가전,뷰티디바이스,910000
전자/가전,미용/위생가전,빗고데기,150000
전자/가전,미용/위생가전,뿌리볼륨고데기,110000
전자/가전,미용/위생가전,속눈썹고데기,130000
전자/가전,미용/위생가전,어린이전동칫솔,100000
전자/가전,미용/위생가전,여성면도기,100000
전자/가전,미용/위생가전,여성제모기,100000
전자/가전,미용/위생가전,왁싱워머기,100000
전자/가전,미용/위생가전,워터필링기,100000
전자/가전,미용/위생가전,음파전동칫솔,100000
전자/가전,미용/위생가전,이발기,360000
전자/가전,미용/위생가전,전기면도기,840000
전자/가전,미용/위생가전,전동칫솔,550000
전자/가전,미용/위생가전,제모기,270000
전자/가전,미용/위생가전,진동클렌저,180000
전자/가전,미용/위생가전,초음파마사지기,100000
전자/가전,미용/위생가전,칫솔살균기,550000
전자/가전,미용/위생가전,코털제거기,410000
전자/가전,미용/위생가전,판고데기,210000
전자/가전,미용/위생가전,피지흡입기,100000
전자/가전,미용/위생가전,헤어드라이기,1510000
전자/가전,미용/위생가전,화장품냉장고,100000
전자/가전,미용/위생가전,휴대용칫솔살균기,120000
전자/가전,생활가전,건조기,1060000
전자/가전,생활가전,공기살균기,100000
전자/가전,생활가전,공기청정기,4590000
전자/가전,생활가전,다리미,190000
전자/가전,생활가전,도어락,1150000
전자/가전,생활가전,드럼세탁기,580000
전자/가전,생활가전,로봇물걸레청소기,140000
전자/가전,생활가전,로봇청소기,2350000
전자/가전,생활가전,모기퇴치기,100000
전자/가전,생활가전,모기포충기,100000
전자/가전,생활가전,몸무게측정기,100000
전자/가전,생활가전,무선물걸레청소기,100000
전자/가전,생활가전,무선미니청소기,100000
전자/가전,생활가전,무선청소기,2190000
전자/가전,생활가전,물걸레청소기,390000
전자/가전,생활가전,미니건조기,300000
전자/가전,생활가전,미니공기청정기,100000
전자/가전,생활가전,바디드라이어,230000
전자/가전,생활가전,벌레퇴치기,100000
전자/가전,생활가전,보풀제거기,890000
전자/가전,생활가전,비데,3949000
전자/가전,생활가전,세탁건조기,280000
전자/가전,생활가전,세탁기,1020000
전자/가전,생활가전,소형청소기,270000
전자/가전,생활가전,스팀다리미,440000
전자/가전,생활가전,스팀청소기,850000
전자/가전,생활가전,습식청소기,160000
전자/가전,생활가전,신발건조기,140000
전자/가전,생활가전,업소용청소기,500000
전자/가전,생활가전,에어워셔,100000
전자/가전,생활가전,유선청소기,270000
전자/가전,생활가전,의류관리기,100000
전자/가전,생활가전,전동청소솔,100000
전자/가전,생활가전,진공청소기,140000
전자/가전,생활가전,창문로봇청소기,100000
전자/가전,생활가전,청소기,1533000
전자/가전,생활가전,초음파세척기,130000
전자/가전,생활가전,침구청소기,760000
전자/가전,생활가전,통돌이세탁기,610000
전자/가전,생활가전,펫공기청정기,100000
전자/가전,생활가전,필터없는비데,100000
전자/가전,생활가전,핸디무선청소기,100000
전자/가전,생활가전,핸디스팀다리미,100000
전자/가전,생활가전,핸디청소기,130000
전자/가전,생활가전,휴대용공기청정기,100000
전자/가전,영상가전,32인치TV,140000
전자/가전,영상가전,43인치TV,110000
전자/가전,영상가전,55인치TV,170000
전자/가전,영상가전,65인치TV,250000
전자/가전,영상가전,75인치TV,190000
전자/가전,영상가전,8KTV,100000
전자/가전,영상가전,TV,1050000
전자/가전,영상가전,UHDTV,100000
전자/가전,영상가전,VR기기,100000
전자/가전,영상가전,디지털액자,110000
전자/가전,영상가전,빔프로젝터,1000000
전자/가전,영상가전,삼탠바이미,1170000
전자/가전,영상가전,티비거치대,620000
전자/가전,음향기기,CD플레이어,550000
전자/가전,음향기기,C타입이어폰,270000
전자/가전,음향기기,MP3,280000
전자/가전,음향기기,게이밍이어폰,140000
전자/가전,음향기기,게이밍헤드셋,190000
전자/가전,음향기기,골전도블루투스이어폰,100000
전자/가전,음향기기,골전도이어폰,730000
전자/가전,음향기기,노래방마이크,110000
전자/가전,음향기기,노이즈캔슬링이어폰,100000
전자/가전,음향기기,녹음기,290000
전자/가전,음향기기,마이크,270000
전자/가전,음향기기,무선마이크,140000
전자/가전,음향기기,무선이어폰,790000
전자/가전,음향기기,백색소음기,200000
전자/가전,음향기기,블루투스마이크,160000
전자/가전,음향기기,블루투스스피커,850000
전자/가전,음향기기,블루투스이어폰,710000
전자/가전,음향기기,블루투스헤드폰,100000
전자/가전,음향기기,사운드바,200000
전자/가전,음향기기,스피커,540000
전자/가전,음향기기,앰프,110000
전자/가전,음향기기,유선이어폰,220000
전자/가전,음향기기,이어폰,760000
전자/가전,음향기기,인공지능스피커,100000
전자/가전,음향기기,턴테이블,350000
전자/가전,음향기기,헤드폰,340000
전자/가전,음향기기,홈시어터,100000
전자/가전,자동차기기,내비게이션,1260000
전자/가전,자동차기기,무선안드로이드오토,100000
전자/가전,자동차기기,무선카플레이,100000
전자/가전,자동차기기,블랙박스,1360000
전자/가전,자동차기기,안드로이드오토모니터,100000
전자/가전,자동차기기,차량공기청정기,150000
전자/가전,자동차기기,카플레이모니터,100000
전자/가전,자동차기기,하이패스단말기,490000
전자/가전,주방가전,1구인덕션,350000
전자/가전,주방가전,1인용밥솥,100000
전자/가전,주방가전,2구인덕션,130000
전자/가전,주방가전,3구인덕션,100000
전자/가전,주방가전,가스레인지,630000
전자/가전,주방가전,가정용고기그릴,100000
전자/가전,주방가전,가정용고기불판,100000
전자/가전,주방가전,가정용제빙기,100000
전자/가전,주방가전,가정용제빵기,100000
전자/가전,주방가전,가정용진공포장기,100000
전자/가전,주방가전,가정용커피머신,180000
전자/가전,주방가전,계란찜기,690000
전자/가전,주방가전,광파오븐,240000
전자/가전,주방가전,그릭요거트메이커,340000
전자/가전,주방가전,김치냉장고,1070000
전자/가전,주방가전,냉동고,420000
전자/가전,주방가전,냉장고,1630000
전자/가전,주방가전,다지기,100000
전자/가전,주방가전,대용량에어프라이어,100000
전자/가전,주방가전,두유제조기,920000
전자/가전,주방가전,라면포트,150000
전자/가전,주방가전,마늘다지기,190000
전자/가전,주방가전,멀티쿠커,260000
전자/가전,주방가전,무선주전자,100000
전자/가전,주방가전,미니밥솥,100000
전자/가전,주방가전,미니오븐,140000
전자/가전,주방가전,미니제빙기,100000
전자/가전,주방가전,미생물음식물처리기,100000
전자/가전,주방가전,믹서기,830000
전자/가전,주방가전,반죽기,170000
전자/가전,주방가전,분유포트,550000
전자/가전,주방가전,빙수기계,100000
전자/가전,주방가전,샌드위치메이커,100000
전자/가전,주방가전,소형믹서기,290000
전자/가전,주방가전,솜사탕기계,100000
전자/가전,주방가전,수비드머신,120000
전자/가전,주방가전,스텐에어프라이어,100000
전자/가전,주방가전,스팀에어프라이어,200000
전자/가전,주방가전,식기건조기,200000
전자/가전,주방가전,식기세척기,1720000
전자/가전,주방가전,식품건조기,150000
전자/가전,주방가전,압력밥솥,800000
전자/가전,주방가전,야채다지기,100000
전자/가전,주방가전,얼음정수기,1280000
전자/가전,주방가전,업소용식기세척기,160000
전자/가전,주방가전,에스프레소머신,150000
전자/가전,주방가전,에어프라이어,3000000
전자/가전,주방가전,오븐,350000
전자/가전,주방가전,오븐에어프라이어,210000
전자/가전,주방가전,올스텐에어프라이어,100000
전자/가전,주방가전,와인냉장고,300000
전자/가전,주방가전,와플메이커,260000
전자/가전,주방가전,와플팬,100000
전자/가전,주방가전,요거트메이커,170000
전자/가전,주방가전,우유거품기,150000
전자/가전,주방가전,원두커피머신,100000
전자/가전,주방가전,음식물건조기,100000
전자/가전,주방가전,음식물분쇄기,316000
전자/가전,주방가전,음식물처리기,2600000
전자/가전,주방가전,인덕션,1410000
전자/가전,주방가전,자동커피머신,110000
전자/가전,주방가전,저당밥솥,510000
전자/가전,주방가전,전기그릴,210000
전자/가전,주방가전,전기냄비,100000
전자/가전,주방가전,전기렌지,160000
전자/가전,주방가전,전기밥솥,480000
전자/가전,주방가전,전기압력밥솥,170000
전자/가전,주방가전,전기찜기,150000
전자/가전,주방가전,전기티포트,100000
전자/가전,주방가전,전기포트,810000
전자/가전,주방가전,전기후라이팬,100000
전자/가전,주방가전,전동커피그라인더,100000
전자/가전,주방가전,전자동커피머신,150000
전자/가전,주방가전,전자렌지,2230000
전자/가전,주방가전,전해수기,100000
전자/가전,주방가전,접이식전기포트,100000
전자/가전,주방가전,정수기,3150000
전자/가전,주방가전,제빙기,210000
전자/가전,주방가전,제빵기,100000
전자/가전,주방가전,직수정수기,690000
전자/가전,주방가전,진공블렌더,100000
전자/가전,주방가전,진공포장기,280000
전자/가전,주방가전,착즙기,260000
전자/가전,주방가전,칼소독기,100000
전자/가전,주방가전,캡슐커피머신,330000
전자/가전,주방가전,커피그라인더,420000
전자/가전,주방가전,커피머신,1260000
전자/가전,주방가전,커피메이커,160000
전자/가전,주방가전,커피포트,740000
전자/가전,주방가전,크로플기계,100000
전자/가전,주방가전,탄산수제조기,100000
전자/가전,주방가전,토스트기,450000
전자/가전,주방가전,푸드프로세서,150000
전자/가전,주방가전,핸드블랜더,330000
전자/가전,주방가전,호빵찜기,100000
전자/가전,주방가전,휴대용제빙기,100000
전자/가전,카메라/캠코더,DSLR카메라,110000
전자/가전,카메라/캠코더,디지털카메라,740000
전자/가전,카메라/캠코더,미러리스카메라,140000
전자/가전,카메라/캠코더,바디캠,190000
전자/가전,카메라/캠코더,브이로그카메라,150000
전자/가전,카메라/캠코더,삼각대,180000
전자/가전,카메라/캠코더,액션캠,360000
전자/가전,카메라/캠코더,오토바이블랙박스,100000
전자/가전,카메라/캠코더,유튜브카메라,100000
전자/가전,카메라/캠코더,자전거블랙박스,100000
전자/가전,카메라/캠코더,짐벌,100000
전자/가전,카메라/캠코더,카메라,480000
전자/가전,카메라/캠코더,카메라삼각대,100000
전자/가전,카메라/캠코더,캠코더,120000
전자/가전,통신사,IPTV,110000
전자/가전,통신사,공유기,270000
전자/가전,통신사,알뜰폰요금제,3420000
전자/가전,통신사,인터넷요금제,5190000
전자/가전,휴대폰/액세서리,3IN1무선충전기,100000
전자/가전,휴대폰/액세서리,5G스마트폰,100000
전자/가전,휴대폰/액세서리,C타입충전기,190000
전자/가전,휴대폰/액세서리,C타입충전케이블,100000
전자/가전,휴대폰/액세서리,Z플립5케이스,370000
전자/가전,휴대폰/액세서리,Z플립케이스,100000
전자/가전,휴대폰/액세서리,고속보조배터리,100000
전자/가전,휴대폰/액세서리,고속충전기,190000
전자/가전,휴대폰/액세서리,고속충전케이블,100000
전자/가전,휴대폰/액세서리,맥세이프그립톡,840000
전자/가전,휴대폰/액세서리,맥세이프보조배터리,430000
전자/가전,휴대폰/액세서리,맥세이프차량용거치대,170000
전자/가전,휴대폰/액세서리,맥세이프충전기,290000
전자/가전,휴대폰/액세서리,멀티충전기,100000
전자/가전,휴대폰/액세서리,무선보조배터리,100000
전자/가전,휴대폰/액세서리,무선충전기,230000
전자/가전,휴대폰/액세서리,미니보조배터리,100000
전자/가전,휴대폰/액세서리,방수케이스,100000
전자/가전,휴대폰/액세서리,보조배터리,1550000
전자/가전,휴대폰/액세서리,보조배터리10000,170000
전자/가전,휴대폰/액세서리,보조배터리20000,250000
전자/가전,휴대폰/액세서리,블루투스셀카봉,100000
전자/가전,휴대폰/액세서리,셀카봉,280000
전자/가전,휴대폰/액세서리,셀카봉삼각대,120000
전자/가전,휴대폰/액세서리,스마트밴드,100000
전자/가전,휴대폰/액세서리,스마트워치,710000
전자/가전,휴대폰/액세서리,스마트폰,110000
전자/가전,휴대폰/액세서리,스마트폰삼각대,160000
전자/가전,휴대폰/액세서리,스마트폰짐벌,100000
전자/가전,휴대폰/액세서리,아이패드거치대,180000
전자/가전,휴대폰/액세서리,아이패드케이스,550000
전자/가전,휴대폰/액세서리,아이패드키보드,270000
전자/가전,휴대폰/액세서리,아이패드프로케이스,100000
전자/가전,휴대폰/액세서리,아이패드필름,100000
전자/가전,휴대폰/액세서리,아이폰14케이스,100000
전자/가전,휴대폰/액세서리,아이폰15케이스,130000
전자/가전,휴대폰/액세서리,아이폰15프로케이스,220000
전자/가전,휴대폰/액세서리,아이폰16케이스,220000
전자/가전,휴대폰/액세서리,아이폰17케이스,830000
전자/가전,휴대폰/액세서리,아이폰무선충전기,100000
전자/가전,휴대폰/액세서리,아이폰보조배터리,100000
전자/가전,휴대폰/액세서리,아이폰케이스,980000
전자/가전,휴대폰/액세서리,애플워치스트랩,750000
전자/가전,휴대폰/액세서리,애플워치충전기,140000
전자/가전,휴대폰/액세서리,액정보호필름,100000
전자/가전,휴대폰/액세서리,에어팟케이스,310000
전자/가전,휴대폰/액세서리,자급제폰,530000
전자/가전,휴대폰/액세서리,자바라거치대,100000
전자/가전,휴대폰/액세서리,초고속충전기,130000
전자/가전,휴대폰/액세서리,충전케이블,200000
전자/가전,휴대폰/액세서리,침대핸드폰거치대,100000
전자/가전,휴대폰/액세서리,태블릿거치대,280000
전자/가전,휴대폰/액세서리,폴더블폰,120000
전자/가전,휴대폰/액세서리,핸드폰거치대,700000
전자/가전,휴대폰/액세서리,핸드폰그립톡,100000
전자/가전,휴대폰/액세서리,핸드폰충전기,180000
전자/가전,휴대폰/액세서리,핸드폰케이스,2170000
전자/가전,휴대폰/액세서리,휴대폰,1180000
주류,주류,논알콜맥주,120000
주류,주류,맥주,510000
주류,주류,무알콜맥주,360000
주류,주류,생맥주,110000
주류,주류,술,270000
주류,주류,위스키,860000
주류,주류,일본맥주,150000
주류,주류,일본술,190000
주류,주류,편의점맥주,120000
패션/잡화,가방,가방,1140000
패션/잡화,가방,기내용캐리어,760000
패션/잡화,가방,나일론가방,120000
패션/잡화,가방,남자백팩,310000
패션/잡화,가방,레디백,130000
패션/잡화,가방,미니백,250000
패션/잡화,가방,미니캐리어,190000
패션/잡화,가방,미니크로스백,290000
패션/잡화,가방,백팩,1150000
패션/잡화,가방,직장인백팩,110000
패션/잡화,가방,책가방,460000
패션/잡화,가방,초등학생가방,190000
패션/잡화,가방,초등학생책가방,1100000
패션/잡화,가방,캔버스백,120000
패션/잡화,가방,퀼팅백,100000
패션/잡화,가방,핸드백,110000
패션/잡화,가방,핸드폰가방,170000
패션/잡화,모자,겨울모자,580000
패션/잡화,모자,귀달이모자,210000
패션/잡화,모자,모자,710000
패션/잡화,모자,바라클라바,2230000
패션/잡화,모자,버킷햇,150000
패션/잡화,모자,비니,800000
패션/잡화,모자,썬캡,100000
패션/잡화,모자,여성모자,170000
패션/잡화,모자,캡모자,280000
패션/잡화,상의,나시,140000
패션/잡화,상의,나시티,100000
패션/잡화,상의,남성니트,500000
패션/잡화,상의,남성맨투맨,330000
패션/잡화,상의,니트,730000
패션/잡화,상의,맨투맨,550000
패션/잡화,상의,반팔티,120000
패션/잡화,상의,여성나시티,100000
패션/잡화,상의,여성니트,300000
패션/잡화,상의,여성맨투맨,170000
패션/잡화,상의,여성셔츠,100000
패션/잡화,상의,티셔츠,160000
패션/잡화,상의,후드집업,380000
패션/잡화,상의,후드티,660000
패션/잡화,시계,손목시계,230000
패션/잡화,신발,경량안전화,100000
패션/잡화,신발,남자구두,380000
패션/잡화,신발,더비슈즈,280000
패션/잡화,신발,아치슬리퍼,100000
패션/잡화,신발,안전화,710000
패션/잡화,신발,초경량안전화,100000
패션/잡화,아동의류,주니어브라,270000
패션/잡화,아동의류,주니어속옷,110000
패션/잡화,아동의류,키즈경량패딩,100000
패션/잡화,아동의류,키즈귀달이모자,100000
패션/잡화,아동의류,키즈래쉬가드,100000
패션/잡화,아동의류,키즈롱패딩,230000
패션/잡화,아동의류,키즈맨투맨,100000
패션/잡화,아동의류,키즈모자,100000
패션/잡화,아동의류,키즈바라클라바,100000
패션/잡화,아동의류,키즈바람막이,100000
패션/잡화,아동의류,키즈반팔티,100000
패션/잡화,아동의류,키즈방한모자,100000
패션/잡화,아동의류,키즈버킷햇,100000
패션/잡화,아동의류,키즈부츠,210000
패션/잡화,아동의류,키즈상하복,100000
패션/잡화,아동의류,키즈샌들,100000
패션/잡화,아동의류,키즈숏패딩,100000
패션/잡화,아동의류,키즈수영복,150000
패션/잡화,아동의류,키즈썬캡,100000
패션/잡화,아동의류,키즈야구점퍼,100000
패션/잡화,아동의류,키즈운동화,140000
패션/잡화,아동의류,키즈점퍼,100000
패션/잡화,아동의류,키즈티셔츠,100000
패션/잡화,아동의류,키즈패딩,380000
패션/잡화,아동의류,키즈후리스,100000
패션/잡화,아우터,남성코트,690000
패션/잡화,아우터,바시티자켓,100000
패션/잡화,아우터,야구점퍼,100000
패션/잡화,아우터,여성코트,650000
패션/잡화,아우터,여성패딩,1540000
패션/잡화,아우터,자켓,180000
패션/잡화,아우터,크롭패딩,100000
패션/잡화,아우터,패딩조끼,700000
패션/잡화,언더웨어/잠옷,남자팬티,510000
패션/잡화,언더웨어/잠옷,노와이어브라,200000
패션/잡화,언더웨어/잠옷,누드브라,100000
패션/잡화,언더웨어/잠옷,발열내의,130000
패션/잡화,언더웨어/잠옷,보정속옷,100000
패션/잡화,언더웨어/잠옷,브라렛,110000
패션/잡화,언더웨어/잠옷,브라탑,120000
패션/잡화,언더웨어/잠옷,빅사이즈브라,160000
패션/잡화,언더웨어/잠옷,뽕브라,160000
패션/잡화,언더웨어/잠옷,슬립,230000
패션/잡화,언더웨어/잠옷,심리스브라,360000
패션/잡화,언더웨어/잠옷,심리스팬티,190000
패션/잡화,언더웨어/잠옷,여름브라,100000
패션/잡화,언더웨어/잠옷,여성속옷,720000
패션/잡화,언더웨어/잠옷,여성팬티,450000
패션/잡화,언더웨어/잠옷,여자드로즈,100000
패션/잡화,언더웨어/잠옷,여자트렁크팬티,100000
패션/잡화,언더웨어/잠옷,오프숄더브라,100000
패션/잡화,언더웨어/잠옷,잠옷,1460000
패션/잡화,언더웨어/잠옷,커플잠옷,430000
패션/잡화,언더웨어/잠옷,홈웨어,150000
패션/잡화,잡화/소품,기능성깔창,100000
패션/잡화,잡화/소품,깔창,230000
패션/잡화,잡화/소품,남자카드지갑,320000
패션/잡화,잡화/소품,머리끈,130000
패션/잡화,잡화/소품,벨트,230000
패션/잡화,잡화/소품,수면양말,460000
패션/잡화,잡화/소품,스카프,670000
패션/잡화,잡화/소품,스타킹,270000
패션/잡화,잡화/소품,압박스타킹,330000
패션/잡화,잡화/소품,여권지갑,150000
패션/잡화,잡화/소품,여권케이스,280000
패션/잡화,잡화/소품,여자카드지갑,250000
패션/잡화,잡화/소품,우양산,100000
패션/잡화,잡화/소품,족저근막염깔창,250000
패션/잡화,잡화/소품,종아리압박밴드,100000
패션/잡화,잡화/소품,지갑,590000
패션/잡화,잡화/소품,카드지갑,1160000
패션/잡화,잡화/소품,키높이깔창,190000
패션/잡화,잡화/소품,평발깔창,100000
패션/잡화,잡화/소품,화장품파우치,390000
패션/잡화,주얼리,14K귀걸이,690000
패션/잡화,주얼리,14K목걸이,480000
패션/잡화,주얼리,14K반지,530000
패션/잡화,주얼리,14K팔찌,280000
패션/잡화,주얼리,골드바,1210000
패션/잡화,주얼리,목걸이,840000
패션/잡화,하의,남자반바지,100000
패션/잡화,하의,남자슬랙스,100000
패션/잡화,하의,슬랙스,160000
패션/잡화,하의,여자슬랙스,100000
패션/잡화,하의,와이드팬츠,280000
패션/잡화,하의,청바지,450000
화장품,기능성화장품,기미앰플,182000
화장품,기능성화장품,기미크림,340000
화장품,기능성화장품,눈썹영양제,100000
화장품,기능성화장품,달팽이크림,430000
화장품,기능성화장품,미백앰플,100000
화장품,기능성화장품,미백크림,160000
화장품,기능성화장품,속눈썹영양제,690000
화장품,기능성화장품,썬스틱,120000
화장품,기능성화장품,썬쿠션,100000
화장품,기능성화장품,썬크림,650000
화장품,기능성화장품,아토피로션,100000
화장품,기능성화장품,안티에이징크림,160000
화장품,기능성화장품,여드름수분크림,100000
화장품,기능성화장품,여드름화장품,100000
화장품,기능성화장품,자외선차단제,100000
화장품,기능성화장품,잡티세럼,100000
화장품,기능성화장품,재생크림,900000
화장품,기능성화장품,착색크림,100000
화장품,기능성화장품,탄력크림,150000
화장품,기능성화장품,톤업선크림,350000
화장품,기능성화장품,톤업크림,270000
화장품,기능성화장품,파이토신재생크림,100000
화장품,기초화장품,EGF앰플,110000
화장품,기초화장품,EGF재생크림,382000
화장품,기초화장품,겨울수분크림,100000
화장품,기초화장품,레티놀크림,200000
화장품,기초화장품,로션,200000
화장품,기초화장품,립밤,950000
화장품,기초화장품,립세린,100000
화장품,기초화장품,립오일,100000
화장품,기초화장품,마유크림,200000
화장품,기초화장품,멀티밤,100000
화장품,기초화장품,멜라닌크림,100000
화장품,기초화장품,모공앰플,130000
화장품,기초화장품,미스트,410000
화장품,기초화장품,바쿠치올세럼,100000
화장품,기초화장품,병풀크림,100000
화장품,기초화장품,비타민C앰플,100000
화장품,기초화장품,비타민앰플,100000
화장품,기초화장품,수딩젤,100000
화장품,기초화장품,수분에센스,100000
화장품,기초화장품,수분크림,750000
화장품,기초화장품,스킨,160000
화장품,기초화장품,시카크림,150000
화장품,기초화장품,아이백크림,150000
화장품,기초화장품,아이크림,480000
화장품,기초화장품,알로에수딩젤,100000
화장품,기초화장품,앰플,230000
화장품,기초화장품,에센스,370000
화장품,기초화장품,여름수분크림,100000
화장품,기초화장품,영양크림,140000
화장품,기초화장품,토너,170000
화장품,기초화장품,토너패드,120000
화장품,기초화장품,페이스오일,150000
화장품,남성화장품,남성올인원화장품,150000
화장품,남성화장품,남자로션,360000
화장품,남성화장품,남자립밤,180000
화장품,남성화장품,남자선크림,100000
화장품,남성화장품,남자수분크림,100000
화장품,남성화장품,남자스킨,100000
화장품,남성화장품,남자올인원로션,200000
화장품,남성화장품,쉐이빙폼,170000
화장품,네일케어,네일드릴,110000
화장품,네일케어,네일스티커,150000
화장품,네일케어,네일팁,330000
화장품,네일케어,매니큐어,200000
화장품,네일케어,손톱영양제,220000
화장품,네일케어,젤네일,470000
화장품,네일케어,젤네일스티커,100000
화장품,네일케어,패디스티커,100000
화장품,네일케어,패디큐어,100000
화장품,미용소품,MTS롤러,100000
화장품,미용소품,괄사,1010000
화장품,미용소품,브러쉬세척기,100000
화장품,미용소품,속눈썹,390000
화장품,미용소품,얼굴마사지기구,100000
화장품,미용소품,여드름압출기,100000
화장품,미용소품,헤어브러쉬,320000
화장품,미용소품,화장솜,110000
화장품,바디케어,남성청결제,220000
화장품,바디케어,데오드란트,190000
화장품,바디케어,등드름미스트,100000
화장품,바디케어,등드름바디워시,170000
화장품,바디케어,바디로션,1040000
화장품,바디케어,바디미스트,120000
화장품,바디케어,바디스크럽,180000
화장품,바디케어,바디오일,270000
화장품,바디케어,바디워시,980000
화장품,바디케어,바디크림,150000
화장품,바디케어,아로마오일,180000
화장품,바디케어,여성청결제,430000
화장품,바디케어,왁싱재료,100000
화장품,바디케어,입욕제,240000
화장품,바디케어,제모크림,100000
화장품,바디케어,질세정제,160000
화장품,바디케어,핸드워시,500000
화장품,바디케어,핸드크림,1260000
화장품,색조화장품,가을립스틱,100000
화장품,색조화장품,기미쿠션,100000
화장품,색조화장품,눈썹타투펜,100000
화장품,색조화장품,립글로즈,130000
화장품,색조화장품,립스틱,330000
화장품,색조화장품,립플럼퍼,100000
화장품,색조화장품,마스카라,210000
화장품,색조화장품,메이크업베이스,100000
화장품,색조화장품,봄립스틱,100000
화장품,색조화장품,블러셔,250000
화장품,색조화장품,비비크림,1310000
화장품,색조화장품,쉐딩,100000
화장품,색조화장품,아이라이너,160000
화장품,색조화장품,아이브로우,110000
화장품,색조화장품,아이브로우마스카라,100000
화장품,색조화장품,아이브로우펜슬,200000
화장품,색조화장품,아이섀도우,120000
화장품,색조화장품,여름쿠션팩트,100000
화장품,색조화장품,여름파운데이션,100000
화장품,색조화장품,여름팩트,100000
화장품,색조화장품,컨실러,250000
화장품,색조화장품,쿠션팩트,260000
화장품,색조화장품,틴트,330000
화장품,색조화장품,파우더,110000
화장품,색조화장품,파운데이션,440000
화장품,색조화장품,팩트,210000
화장품,색조화장품,프라이머,340000
화장품,색조화장품,하이라이터,200000
화장품,영유아화장품,베이비오일,140000
화장품,영유아화장품,아기로션,290000
화장품,영유아화장품,아기샴푸,100000
화장품,영유아화장품,아기크림,100000
화장품,영유아화장품,어린이샴푸,100000
화장품,영유아화장품,어린이썬크림,100000
화장품,영유아화장품,유아썬스틱,100000
화장품,영유아화장품,유아썬크림,100000
화장품,클렌징,립앤아이리무버,100000
화장품,클렌징,미세먼지클렌징,100000
화장품,클렌징,비누,280000
화장품,클렌징,세수비누,130000
화장품,클렌징,약산성폼클렌징,200000
화장품,클렌징,어성초비누,100000
화장품,클렌징,여드름폼클렌징,110000
화장품,클렌징,천연비누,100000
화장품,클렌징,클렌징밤,130000
화장품,클렌징,클렌징오일,500000
화장품,클렌징,클렌징워터,110000
화장품,클렌징,클렌징티슈,140000
화장품,클렌징,폼클렌징,640000
화장품,클렌징,피지연화제,100000
화장품,클렌징,필링젤,110000
화장품,클렌징,필링패드,100000
화장품,팩,기미패치,220000
화장품,팩,마스크팩,850000
화장품,팩,모델링팩,200000
화장품,팩,미간주름패치,290000
화장품,팩,슬리핑팩,100000
화장품,팩,썬패치,100000
화장품,팩,아이패치,100000
화장품,팩,여드름패치,350000
화장품,팩,워시오프팩,100000
화장품,팩,주름패치,200000
화장품,팩,코팩,100000
화장품,팩,쿨링패치,100000
화장품,팩,투명썬패치,100000
화장품,향수,남자향수,680000
화장품,향수,여자향수,310000
화장품,향수,필로우미스트,100000
화장품,향수,향수,970000
화장품,헤어,그루밍토닉,110000
화장품,헤어,극손상헤어팩,100000
화장품,헤어,노워시트리트먼트,140000
화장품,헤어,단백질트리트먼트,100000
화장품,헤어,두피샴푸,110000
화장품,헤어,두피영양제,140000
화장품,헤어,드라이샴푸,200000
화장품,헤어,맥주효모샴푸,460000
화장품,헤어,버블염색약,100000
화장품,헤어,보색샴푸,100000
화장품,헤어,비듬샴푸,310000
화장품,헤어,비오틴탈모샴푸,100000
화장품,헤어,새치샴푸,100000
화장품,헤어,새치염색약,475000
화장품,헤어,샴푸,1180000
화장품,헤어,샴푸바,120000
화장품,헤어,셀프염색약,100000
화장품,헤어,아르간오일,100000
화장품,헤어,약산성샴푸,170000
화장품,헤어,염색샴푸,400000
화장품,헤어,염색약,780000
화장품,헤어,지루성두피염샴푸,460000
화장품,헤어,지성샴푸,230000
화장품,헤어,천연샴푸,100000
화장품,헤어,청소년샴푸,130000
화장품,헤어,컨디셔너,270000
화장품,헤어,컬크림,270000
화장품,헤어,쿨샴푸,100000
화장품,헤어,탈모샴푸,670000
화장품,헤어,탈모앰플,120000
화장품,헤어,트리트먼트,730000
화장품,헤어,포마드,150000
화장품,헤어,헤어단백질팩,100000
화장품,헤어,헤어미스트,160000
화장품,헤어,헤어스프레이,210000
화장품,헤어,헤어에센스,640000
화장품,헤어,헤어오일,210000
화장품,헤어,헤어토닉,110000
화장품,헤어,헤어팩,300000
화장품,헤어,헤어픽서,100000
화장품,헤어,흑채,110000
